450
302 369
782 999
469 944
71 498
979 1001
811 921
838 866
27 542
619 903
731 885
460 881
75 426
559 783
328 896
216 959
232 541
672 913
592 702
180 561
520 815
899 925
260 917
518 689
407 707
72 479
149 876
738 762
637 880
827 992
424 452
420 586
329 449
60 425
993 1000
549 928
983 985
644 867
98 966
974 990
457 824
321 862
36 800
746 764
177 547
140 515
103 782
488 648
427 664
283 920
60 750
377 827
366 445
217 488
382 993
553 904
544 735
328 960
481 505
866 897
64 733
807 901
372 595
34 849
448 545
243 388
118 419
852 936
878 935
980 1000
381 449
151 988
545 563
858 899
565 784
785 900
746 876
274 292
43 870
736 879
388 895
692 900
382 983
765 794
158 339
437 815
377 595
236 571
338 478
399 558
483 805
476 806
462 786
344 616
440 760
349 913
73 92
809 926
230 671
275 363
820 936
345 476
507 724
393 680
429 675
800 918
154 226
520 931
676 771
727 998
579 588
426 965
415 968
907 920
508 970
787 987
60 653
993 995
163 195
165 342
893 949
845 856
666 681
964 1001
373 385
364 994
975 993
611 894
622 841
85 457
112 230
86 955
134 237
450 652
417 715
114 780
413 683
80 705
730 850
418 818
929 988
867 896
793 835
586 815
14 636
565 700
21 607
375 745
817 832
491 954
188 402
150 403
801 904
492 663
504 973
808 908
921 937
516 533
982 989
471 721
88 684
738 885
342 622
856 972
204 909
580 823
332 976
965 1001
982 983
511 894
507 713
598 668
90 301
133 550
811 996
288 398
856 953
644 959
97 170
232 758
12 603
366 903
168 686
895 908
799 948
458 749
279 869
227 892
18 443
271 275
901 923
487 854
171 273
475 678
264 396
785 934
895 917
166 819
504 639
227 703
17 938
93 422
775 905
837 900
333 932
431 620
860 934
256 801
232 808
908 953
673 690
792 963
259 803
321 888
260 702
810 833
856 997
427 771
100 269
261 556
795 901
812 929
393 489
565 790
272 477
723 756
304 404
801 847
234 558
832 976
248 685
775 991
567 956
985 998
421 961
768 788
124 996
834 949
571 916
513 818
439 655
841 855
358 372
929 958
160 328
439 451
814 899
637 670
876 910
823 938
348 962
120 639
861 939
247 415
814 836
746 855
602 895
582 665
208 390
138 999
47 651
805 905
513 616
958 992
824 908
487 539
507 727
61 884
457 807
599 732
306 990
644 872
72 509
273 944
837 936
732 753
262 851
458 736
789 860
164 785
139 995
585 874
943 980
784 915
861 952
86 921
870 997
260 766
54 585
108 490
539 1001
889 955
593 752
902 955
891 951
707 769
779 858
748 817
944 971
142 354
820 846
388 945
70 941
138 918
436 503
349 376
765 908
577 731
186 642
709 753
439 827
704 786
72 764
184 882
175 716
865 933
485 799
194 292
705 978
231 255
717 768
412 981
778 814
201 530
873 936
596 612
360 953
709 796
635 837
923 980
689 862
822 880
89 402
150 385
387 820
792 794
652 885
984 993
561 878
461 865
604 772
850 960
654 985
996 998
985 996
269 837
615 795
796 978
493 989
96 163
136 980
861 960
258 380
966 997
510 960
735 738
981 995
639 663
114 747
245 700
844 916
654 709
17 662
907 948
725 863
97 925
969 992
144 301
343 414
29 503
249 519
148 448
685 986
283 608
248 671
755 919
49 63
234 675
649 678
444 532
991 998
269 860
350 810
561 747
916 958
70 209
962 1001
414 649
603 841
318 810
607 741
701 940
792 942
187 272
492 814
340 987
534 745
626 768
661 665
871 968
677 899
90 218
661 740
577 836
481 920
535 784
427 669
517 770
144 504
275 419
881 991
701 751
792 928
410 856
129 880
627 886
311 816
724 872
137 700
544 699
51 915
625 845
520 547
493 924
54 814
127 950
727 949
189 837
639 898
162 420
316 335
481 966
573 937
440 877
80 214
297 887
619 948
337 876
338 706
394 492
434 889
39 887
942 985
668 797
630 882
604 743
484 780
866 976
494 950
546 967
485 683
