534
657 953
50 502
950 967
492 778
734 859
70 608
134 307
183 831
569 695
533 748
728 860
342 762
105 212
234 855
502 960
471 562
127 340
562 746
529 727
385 471
422 914
918 920
315 621
716 939
449 708
847 981
342 706
473 967
586 898
27 297
860 884
145 146
496 581
568 967
592 769
673 848
557 576
778 967
140 670
601 686
127 169
726 749
149 451
753 854
329 645
174 933
605 905
927 944
128 376
962 994
566 690
309 489
315 378
813 954
540 651
768 916
531 538
575 718
606 814
243 253
718 861
254 886
968 970
785 817
590 847
45 625
382 824
583 685
867 1001
260 509
396 969
329 462
289 548
361 768
221 357
147 809
855 931
322 657
173 211
264 902
247 494
511 621
452 481
613 836
952 1000
665 816
578 896
35 391
488 499
484 748
734 814
89 750
688 966
705 952
497 619
114 536
880 943
216 971
949 997
575 615
612 928
845 990
560 692
663 714
107 908
344 843
979 999
300 707
168 468
461 684
706 748
863 882
918 1001
777 918
962 998
993 998
703 719
763 773
747 923
484 654
368 686
658 822
488 532
662 917
570 637
446 447
694 958
857 924
230 335
700 952
410 853
943 996
53 106
207 349
904 960
925 991
923 981
130 295
490 810
695 946
345 607
107 743
804 992
708 915
533 933
190 250
41 416
54 258
65 637
517 779
437 486
644 762
237 565
897 909
27 253
405 621
718 729
52 546
525 889
278 304
742 936
393 716
531 548
99 214
505 662
606 871
985 994
405 870
113 984
485 810
77 721
909 1000
750 937
138 501
19 281
489 734
567 777
733 819
67 126
426 979
13 558
117 367
93 406
629 682
102 660
101 1000
261 974
471 850
249 891
512 976
942 999
207 816
497 636
613 979
623 628
834 866
552 637
628 870
656 657
385 945
701 726
363 920
591 925
171 764
309 572
62 725
835 983
870 970
54 677
600 936
108 159
933 999
668 827
727 879
517 543
962 985
984 989
828 939
119 802
798 976
648 947
862 979
342 761
539 848
227 828
242 880
212 890
332 577
385 675
445 952
705 763
652 758
698 993
266 332
909 929
439 878
475 625
137 563
255 520
422 937
179 981
126 148
979 998
617 843
191 455
293 808
93 980
45 637
373 653
774 813
535 710
385 551
486 551
644 890
972 974
233 905
747 795
840 875
14 466
189 893
236 954
450 621
532 608
76 816
483 902
908 995
447 890
78 414
211 496
740 912
498 555
506 756
51 779
784 854
452 719
553 843
133 424
568 867
309 899
532 940
897 956
903 967
344 550
810 907
238 278
947 991
223 908
13 583
841 920
212 589
729 821
166 709
388 833
132 539
428 948
849 956
633 956
17 552
396 837
258 810
989 996
335 680
567 892
341 871
630 758
600 735
73 541
785 987
540 977
201 572
253 589
679 920
246 829
127 456
340 507
282 763
250 494
585 634
185 759
546 595
526 681
381 492
32 760
811 917
617 945
247 675
344 894
109 552
213 215
560 628
425 740
254 791
586 713
811 899
314 976
631 670
491 857
245 381
442 920
550 707
997 1000
989 1000
497 794
344 671
708 881
792 962
937 971
226 700
877 913
567 643
81 929
342 667
509 524
854 865
651 788
550 875
871 896
502 575
681 915
919 934
282 998
486 968
576 621
942 999
162 291
921 934
45 718
444 729
517 967
371 638
572 589
411 893
37 672
674 761
646 789
246 946
300 722
565 593
897 934
911 988
572 623
280 460
188 628
120 326
896 925
567 760
984 998
392 433
858 901
733 953
572 925
628 905
388 784
522 783
154 940
195 752
180 207
934 952
314 661
570 824
640 835
222 572
980 1001
789 887
326 766
565 867
611 846
434 521
908 957
269 477
24 895
994 999
128 967
187 228
274 831
46 237
560 908
815 878
271 470
935 987
577 799
453 706
982 998
636 751
600 756
588 791
785 961
223 703
953 997
945 985
990 1001
741 963
645 757
78 986
234 380
933 979
212 232
692 882
788 941
686 939
103 833
549 980
135 695
830 879
86 934
10 865
993 994
239 590
486 874
813 899
228 813
817 892
808 906
187 225
76 939
500 660
613 646
980 986
792 933
738 885
533 838
181 493
329 945
108 406
369 693
275 813
914 977
862 989
541 726
548 776
763 922
217 303
615 640
219 841
873 986
912 986
919 984
567 962
868 933
385 741
211 608
530 689
921 925
951 998
132 716
626 900
974 982
613 878
802 903
586 885
32 51
603 766
850 968
916 981
995 999
883 992
648 920
523 735
170 452
77 693
492 859
171 749
649 698
977 979
83 363
971 998
267 594
741 894
221 564
700 987
574 579
551 762
843 865
756 858
853 890
758 829
292 717
640 806
961 974
793 895
322 949
289 603
584 636
765 973
403 675
29 742
481 981
218 499
841 843
909 919
117 962
179 926
93 923
915 949
