154
20 363
902 927
543 722
104 415
488 811
556 584
115 279
345 572
292 460
954 996
574 718
272 345
721 809
74 596
591 937
418 997
598 857
382 945
700 761
215 507
888 937
907 1001
728 918
813 974
598 667
860 983
205 522
718 852
116 297
939 958
371 676
509 641
688 976
906 941
682 926
686 880
487 647
870 962
408 998
256 557
577 813
98 921
556 974
231 343
241 771
896 906
321 729
745 787
641 974
408 715
183 952
964 990
794 956
560 705
684 964
242 524
253 262
415 482
344 627
870 1000
246 551
375 801
392 509
467 666
477 662
293 407
724 857
367 876
369 874
284 571
652 868
263 629
70 154
440 877
566 788
871 945
905 1000
783 958
368 535
27 647
407 565
729 838
261 936
985 1001
29 727
894 944
688 838
251 986
636 723
868 962
810 850
218 345
379 787
925 969
610 831
413 772
78 258
160 554
296 501
366 706
51 297
623 997
857 879
170 702
487 621
516 830
756 918
125 376
899 948
510 625
541 814
850 938
658 946
503 550
955 967
255 986
871 918
77 91
935 942
418 446
321 748
479 651
18 98
126 323
851 865
905 920
927 997
182 558
925 927
568 724
174 889
336 913
395 462
431 535
53 209
175 651
357 709
722 827
53 610
103 893
568 569
968 995
12 537
229 678
796 898
900 994
835 944
13 610
208 719
350 914
781 856
239 637
802 803
658 869
