343
589 751
221 478
135 243
869 904
378 898
427 979
903 971
48 93
28 507
217 232
850 916
259 578
994 999
292 913
198 735
607 730
660 992
395 560
16 624
20 774
769 905
624 840
851 881
863 891
178 905
855 926
313 705
848 931
93 805
639 667
572 580
400 659
391 917
605 941
243 520
710 756
45 861
152 628
991 1000
724 843
750 942
532 906
694 783
652 800
817 926
359 951
896 905
47 143
689 807
822 872
296 720
974 996
538 586
137 221
145 298
536 815
722 789
625 876
162 966
547 869
17 62
14 782
382 518
484 868
159 567
937 972
181 688
867 919
214 921
428 644
687 903
865 911
540 800
551 812
955 991
919 964
270 989
304 886
493 849
978 987
139 329
184 566
173 358
922 982
225 747
563 650
569 822
27 41
352 697
87 702
348 781
530 657
704 756
966 992
66 472
78 340
60 719
18 44
265 798
49 302
781 861
987 997
530 966
719 862
383 865
174 271
593 898
839 964
47 840
373 858
494 671
889 989
907 965
753 897
866 994
844 907
501 666
568 651
926 990
505 657
538 864
379 820
668 758
912 914
565 816
136 140
612 773
204 951
663 977
246 433
897 930
589 776
895 948
66 528
370 621
821 995
631 879
128 278
507 572
788 844
658 759
633 987
250 968
452 592
143 900
702 870
710 726
967 972
34 75
152 467
977 987
440 847
367 433
298 918
559 944
915 943
715 756
350 388
829 833
148 545
213 739
740 781
536 605
497 979
854 878
392 698
215 698
461 690
607 896
959 971
800 969
888 998
947 950
383 795
420 446
891 926
914 971
836 955
903 974
886 891
980 1001
515 925
588 717
371 1000
983 995
515 610
547 650
957 983
681 760
335 489
350 803
570 975
224 732
747 805
94 497
706 933
379 785
541 596
292 468
590 882
994 998
232 740
794 935
550 812
648 886
891 929
589 778
424 462
401 757
345 1001
277 365
158 929
641 691
199 437
747 874
629 788
12 232
521 907
347 597
632 737
216 401
274 410
241 383
686 969
107 776
849 950
339 541
764 788
143 973
27 416
966 989
156 901
650 672
911 982
217 229
378 712
604 973
675 925
609 960
809 881
327 474
896 973
923 958
367 777
632 823
636 695
892 908
184 991
819 836
225 514
613 877
1000 1001
797 976
463 961
705 752
458 490
935 978
314 855
142 266
233 456
605 881
479 863
899 922
548 737
740 811
856 952
248 305
994 999
826 847
40 689
279 860
946 961
267 306
526 962
784 796
450 661
652 910
342 889
91 110
201 565
426 661
205 258
730 943
347 836
23 366
757 842
683 742
621 837
645 817
463 571
899 937
989 995
811 971
119 328
892 940
192 718
776 957
504 569
571 710
159 897
152 310
788 880
35 409
922 942
654 933
348 425
623 838
836 933
928 983
99 778
879 958
912 964
972 979
808 976
787 940
32 580
70 381
920 949
900 956
129 674
820 907
979 998
188 360
629 841
503 814
889 967
791 909
938 990
586 601
907 982
444 471
668 932
180 632
424 986
726 780
452 645
582 893
11 139
751 1000
389 505
179 915
165 724
460 523
