255
276 736
798 931
147 376
767 839
319 867
776 956
811 823
154 801
370 383
457 521
189 681
434 928
536 571
104 143
781 901
540 846
260 933
452 709
394 912
538 965
178 446
979 988
25 801
334 817
792 816
274 807
100 115
518 783
404 761
642 914
113 278
672 675
246 258
359 464
578 715
240 474
812 923
721 777
739 984
931 935
851 932
544 619
605 709
426 626
43 88
153 593
14 614
595 869
864 952
595 698
11 629
765 951
962 975
276 760
190 614
358 832
841 960
47 475
276 930
752 973
923 955
58 234
119 212
478 738
569 967
685 832
138 459
108 862
907 979
653 928
211 449
966 979
641 673
266 936
848 944
154 429
705 820
723 952
107 281
406 531
691 909
414 777
346 435
734 906
197 969
918 932
732 786
266 319
932 997
501 881
236 346
797 991
810 983
44 564
15 172
657 817
351 667
143 358
615 735
439 939
804 949
327 621
358 816
786 955
60 350
76 167
729 902
993 996
130 156
288 811
928 947
738 993
828 836
951 960
579 582
400 945
63 316
863 964
152 927
268 955
75 666
60 91
308 942
487 779
778 784
887 969
986 992
143 962
419 935
844 997
769 967
633 721
645 892
786 812
463 601
210 1001
505 896
597 691
347 357
467 683
476 955
806 826
673 848
979 989
950 978
771 821
568 950
301 769
165 715
765 1001
250 972
534 858
824 854
401 877
54 861
260 974
197 588
367 886
98 148
95 757
632 995
961 964
387 610
791 932
265 884
879 940
879 968
74 405
221 457
899 993
540 998
242 854
638 794
38 394
817 827
351 635
810 909
192 327
426 997
450 900
460 475
829 865
340 996
323 673
165 211
849 873
306 531
324 553
650 783
298 621
398 434
904 970
649 828
120 688
919 920
431 921
288 918
222 402
722 877
112 949
989 997
410 915
982 997
645 869
765 974
835 859
824 895
680 773
458 633
524 735
133 591
544 566
935 982
280 994
768 992
92 832
911 999
241 607
665 816
767 863
753 758
204 899
837 865
243 292
805 904
662 938
68 230
268 407
530 849
792 855
812 959
631 839
822 873
755 901
788 857
744 786
887 968
166 734
227 263
855 922
916 970
992 996
123 893
962 983
830 908
945 953
92 271
51 932
496 699
142 801
451 475
415 991
587 972
778 880
987 996
