879
239 591
345 430
16 424
563 892
763 990
420 574
737 993
783 896
720 843
135 521
944 959
24 936
798 954
195 816
92 848
851 856
793 812
450 766
393 498
321 353
208 698
460 756
92 393
367 903
506 622
510 605
740 989
600 945
136 326
639 881
30 624
832 862
468 614
843 866
562 637
608 897
896 960
675 921
762 860
702 929
44 775
683 804
425 497
690 738
122 714
280 948
800 959
139 631
662 912
394 455
997 1001
392 592
321 909
358 656
511 618
495 628
621 867
17 463
714 878
234 238
716 803
866 937
883 980
708 837
707 797
398 657
564 754
253 880
555 859
51 187
601 933
114 175
837 890
920 924
549 905
751 872
910 924
311 801
79 266
327 734
946 964
223 979
938 998
591 627
772 884
945 980
362 772
863 953
916 948
151 538
522 567
519 911
614 828
668 732
358 646
324 422
732 978
274 350
117 209
410 822
131 710
603 946
924 940
115 874
277 640
453 594
971 989
114 310
137 215
165 489
768 786
17 845
662 678
404 458
652 733
759 770
637 647
472 612
756 1001
798 988
744 756
874 881
215 415
345 949
714 783
225 384
776 927
431 856
338 780
109 488
326 559
77 976
665 823
714 818
820 969
574 964
741 897
56 356
61 383
807 962
615 800
403 735
640 830
999 1001
68 303
560 926
357 474
323 349
165 337
298 624
537 667
629 976
313 990
374 783
394 838
14 683
302 935
13 563
110 920
899 923
765 860
106 320
223 623
444 704
686 885
775 960
115 578
782 967
455 758
441 828
920 999
739 986
397 402
416 682
171 818
280 303
795 862
318 620
246 977
267 908
585 808
381 585
923 924
627 840
421 521
86 633
231 965
635 683
903 950
852 882
563 711
400 448
143 917
629 652
206 534
957 996
699 824
861 923
382 972
662 717
925 994
241 629
769 849
294 611
412 866
835 989
947 971
692 972
534 552
531 693
869 982
697 743
108 703
586 902
996 999
902 1001
161 558
595 917
380 542
72 942
585 856
872 968
113 459
449 718
736 882
295 619
933 966
659 868
884 943
419 777
715 727
387 421
961 979
190 952
539 684
744 920
565 578
327 634
470 681
434 634
519 550
934 995
756 785
407 545
397 802
342 955
205 435
96 821
864 921
800 811
681 834
874 983
658 789
803 819
201 646
972 991
483 911
184 595
938 940
693 959
115 375
515 702
76 817
249 824
531 915
279 949
175 210
728 964
178 732
519 985
521 778
417 674
368 395
44 489
269 301
621 870
740 928
794 912
356 657
184 902
55 889
469 854
862 869
793 842
774 941
374 692
936 937
169 517
585 674
121 424
230 263
472 493
452 873
450 568
815 934
464 608
69 739
596 909
82 209
503 663
328 644
918 945
63 743
33 227
779 793
246 986
76 541
582 782
484 797
270 499
266 580
734 981
898 921
112 542
197 517
239 294
364 440
845 912
178 403
243 455
136 914
217 735
992 1000
380 495
438 576
203 958
491 897
991 996
808 973
879 955
318 842
220 845
222 955
549 927
806 943
17 999
536 982
626 831
837 999
348 596
507 636
85 902
848 926
317 598
51 857
533 783
294 711
713 935
862 869
71 171
142 237
787 862
839 885
820 906
766 960
436 784
358 385
175 184
604 687
701 935
89 185
623 703
633 958
662 742
587 779
499 734
85 387
551 745
400 425
591 628
77 865
234 564
293 999
406 469
353 602
658 707
405 787
541 701
928 960
371 694
139 896
111 549
236 486
530 982
712 821
194 355
778 811
91 457
530 995
738 822
769 784
327 795
155 157
986 996
380 418
959 969
963 980
867 872
436 694
897 924
884 909
326 383
897 953
128 896
233 786
635 703
487 816
727 930
295 398
958 967
721 873
194 945
730 829
459 682
475 992
195 596
657 790
98 654
918 986
879 964
571 785
356 846
834 939
584 796
838 867
735 982
574 849
571 760
450 486
847 980
183 689
597 906
153 626
951 968
819 942
168 212
201 457
395 910
669 945
214 758
319 511
454 558
31 365
513 599
419 965
260 460
69 281
749 833
581 773
839 980
852 915
840 871
883 967
856 867
64 301
481 704
994 996
770 967
518 617
959 990
717 772
950 981
757 954
444 573
420 965
592 625
176 642
574 689
522 653
531 865
925 973
441 496
204 813
954 958
642 916
800 880
888 958
812 857
659 783
718 947
422 476
485 670
238 813
145 528
564 589
412 432
479 642
283 286
653 773
506 617
66 730
259 945
231 454
917 997
121 505
808 837
95 259
44 213
339 820
969 978
415 447
993 1000
649 937
769 799
210 301
991 993
204 529
114 454
529 796
906 981
874 894
299 868
37 523
22 629
69 74
662 717
732 890
59 264
576 611
944 968
140 195
395 742
55 420
681 857
253 325
669 702
371 645
463 518
600 816
293 635
909 946
753 967
143 218
997 999
152 584
14 811
936 989
526 587
636 979
720 736
652 682
151 720
168 809
439 663
443 947
716 956
686 936
894 952
428 623
350 813
282 881
713 749
90 789
258 896
972 986
84 326
334 748
262 496
597 646
756 895
979 998
553 615
336 991
941 958
727 758
270 802
120 859
467 521
66 545
359 879
259 891
925 930
385 801
732 985
52 813
449 924
908 968
22 840
539 630
166 406
510 917
246 778
62 813
77 894
643 953
997 999
12 993
276 352
777 826
671 897
489 823
188 750
669 756
193 446
520 850
795 957
103 499
120 228
130 285
106 995
33 718
343 896
277 394
124 192
856 868
400 560
71 78
312 336
824 932
509 741
901 935
921 950
95 212
732 967
343 526
359 710
774 792
519 707
257 890
693 967
427 565
318 366
500 930
759 804
12 561
616 664
804 910
989 995
864 882
866 887
937 991
526 824
315 706
800 936
573 716
269 728
717 902
333 469
493 702
856 924
397 762
296 350
608 987
906 967
587 622
642 701
650 963
798 846
768 797
715 870
505 886
480 870
474 670
677 929
655 986
765 804
769 847
965 997
219 387
166 688
738 944
834 955
642 769
565 909
615 762
469 691
136 652
265 772
793 932
289 784
307 821
283 313
944 947
395 661
761 966
461 864
423 693
790 916
70 73
524 990
748 807
545 682
326 582
471 967
243 345
353 846
661 787
49 747
854 878
222 270
846 890
933 988
482 617
648 783
427 753
162 651
980 997
294 545
532 793
642 765
917 998
622 853
54 509
546 654
333 883
44 105
969 970
584 822
744 906
563 989
982 999
155 687
269 282
735 754
175 338
733 936
245 380
508 822
591 864
111 890
929 952
124 178
986 995
109 915
551 669
243 837
233 694
239 841
192 835
78 677
380 854
197 204
35 207
176 510
372 609
345 612
956 1001
165 906
239 366
695 913
858 936
641 716
949 951
949 961
660 799
236 695
141 181
250 557
696 803
786 914
174 622
323 825
232 573
586 909
104 307
347 819
43 817
116 130
569 718
212 327
510 819
150 675
678 910
646 864
332 406
232 388
571 597
169 424
637 932
287 915
744 751
621 893
364 508
175 557
549 820
991 999
797 871
663 725
381 687
20 597
416 494
705 857
102 209
488 753
874 883
852 989
148 426
116 879
139 275
107 774
222 1001
688 948
975 994
806 879
664 1001
132 295
385 537
235 743
936 1001
231 718
839 974
104 350
224 537
268 779
168 900
228 446
407 863
229 265
161 838
652 748
507 609
415 939
697 933
695 731
671 939
919 982
43 66
836 948
509 996
561 579
479 834
976 988
744 764
681 739
258 568
765 940
760 852
802 913
49 349
894 978
49 61
842 876
692 705
441 772
595 725
26 359
535 898
403 905
196 639
229 399
776 910
154 522
984 998
978 989
639 795
435 839
736 747
379 687
71 638
881 882
338 833
18 244
334 784
351 676
707 748
771 829
38 911
912 942
836 940
754 831
796 973
378 484
517 830
405 820
667 863
438 988
721 798
682 918
841 844
98 219
903 905
159 232
603 796
96 959
448 816
829 914
377 706
350 535
382 462
