776
529 804
341 561
338 339
650 713
46 169
813 850
475 773
207 635
931 952
150 824
438 519
427 445
246 872
826 927
456 556
846 925
40 951
506 754
870 876
671 778
430 798
905 908
458 951
945 949
585 606
373 723
939 983
521 610
933 970
644 725
947 991
769 848
896 1001
241 390
297 827
417 467
494 786
960 977
31 713
519 907
281 549
981 986
544 672
229 992
304 636
153 966
137 967
102 303
658 956
382 620
893 895
943 955
670 892
133 482
689 749
754 791
944 956
554 629
639 808
980 999
784 826
708 857
966 967
482 954
473 755
484 868
57 364
301 551
22 99
152 371
95 135
279 636
185 535
659 830
401 766
316 359
384 985
251 325
267 835
881 910
349 537
788 848
731 886
900 911
788 962
943 974
887 981
673 800
617 873
333 598
380 917
497 787
140 997
228 870
269 384
68 176
915 960
547 988
119 342
329 719
976 996
137 612
199 559
60 741
983 988
90 798
886 919
396 568
755 932
934 986
221 274
315 322
481 925
521 919
230 580
344 698
322 933
212 998
869 943
743 996
148 840
261 463
300 867
904 925
513 712
552 992
983 990
828 909
604 922
280 466
932 999
682 842
54 201
970 983
33 397
751 959
934 936
351 585
708 828
275 773
612 899
766 878
413 694
168 507
129 474
984 996
140 932
894 928
10 923
202 379
150 809
452 634
629 909
421 554
328 667
561 633
341 752
102 551
447 998
854 868
105 204
610 906
325 824
821 936
296 454
527 996
427 992
88 819
442 580
610 869
239 802
312 655
753 993
654 795
613 739
717 777
653 967
817 898
884 911
551 916
259 692
135 262
730 754
48 228
241 424
287 532
514 844
415 458
829 943
571 592
254 735
989 997
952 990
762 917
807 827
535 892
897 957
870 876
621 889
185 991
917 991
445 704
366 788
228 322
490 574
904 956
399 935
883 999
157 712
918 976
945 951
764 780
94 908
394 555
883 922
43 166
819 906
219 390
277 792
896 903
779 946
396 973
971 972
889 948
244 927
254 393
1000 1001
770 871
543 622
587 665
918 920
548 919
575 671
846 889
423 435
88 682
564 775
299 764
169 291
808 878
973 974
907 942
291 769
206 211
421 915
457 620
81 924
690 976
631 899
495 609
985 996
434 957
475 880
221 476
697 764
796 852
457 996
663 861
145 975
462 623
446 661
468 491
439 529
648 903
30 382
132 507
161 542
531 647
776 994
583 933
712 723
61 380
777 948
242 510
762 935
510 618
864 992
125 471
660 845
397 715
127 949
561 677
744 982
292 784
796 797
826 949
845 971
191 505
287 654
15 323
125 655
400 610
487 977
901 968
582 960
511 994
682 730
533 654
32 356
900 913
671 887
840 891
404 783
59 503
945 980
575 617
103 324
261 806
243 663
746 834
889 955
647 986
275 989
409 616
368 792
40 733
265 601
136 796
625 770
333 372
817 823
397 538
939 950
574 850
116 363
979 984
297 742
752 895
920 929
392 580
242 419
847 976
875 996
956 984
749 795
635 713
172 372
405 873
47 658
300 429
218 975
626 865
79 450
514 840
53 959
382 527
11 516
465 615
133 387
89 768
54 512
877 947
970 982
524 657
192 595
329 637
498 897
823 893
390 480
613 888
306 590
514 916
839 871
801 888
381 661
240 775
753 823
361 691
157 416
785 839
224 239
195 304
592 661
105 142
602 740
636 657
198 837
326 483
345 772
557 852
257 458
809 879
558 606
935 989
154 926
124 926
223 397
140 690
766 802
672 817
363 393
228 957
535 865
422 452
339 660
836 940
971 982
164 588
904 943
447 974
434 975
476 641
738 992
644 785
19 272
529 745
83 230
676 708
847 850
70 853
713 900
218 730
871 872
141 920
178 240
240 832
659 997
187 570
657 954
100 514
412 452
929 930
264 331
420 458
51 736
33 124
20 965
488 543
183 697
93 625
636 862
755 857
45 428
159 645
542 931
515 782
781 927
964 968
388 564
987 991
221 768
959 996
328 439
941 973
548 578
730 971
323 532
85 160
734 829
386 882
991 999
576 792
884 970
439 924
990 1000
516 790
500 749
750 947
541 747
535 613
230 632
522 980
936 977
75 931
821 933
829 985
509 951
91 265
452 470
299 876
562 790
541 680
517 985
971 976
136 786
118 593
826 933
61 79
275 962
476 671
778 783
175 179
944 952
858 914
806 824
371 505
770 803
66 195
678 711
85 623
888 914
277 697
130 349
779 947
950 991
382 810
765 790
544 931
594 698
271 844
594 657
503 533
458 518
904 936
357 894
755 880
718 871
577 793
393 555
627 944
338 860
564 832
625 787
141 256
821 998
175 985
822 905
892 897
286 720
20 264
291 809
418 850
687 979
104 291
405 434
872 930
844 854
352 777
823 863
307 534
407 556
379 521
695 951
267 533
461 696
241 265
545 790
938 998
412 561
209 778
43 89
344 475
782 830
323 493
415 814
155 830
842 1000
924 928
995 997
918 941
266 602
971 993
162 968
573 1000
867 983
376 977
681 877
748 765
849 874
431 926
271 878
676 869
625 752
821 903
569 747
311 428
887 907
848 869
791 795
830 948
402 702
520 673
205 393
672 820
308 837
631 739
58 795
261 625
808 912
169 687
315 641
224 722
735 847
150 998
726 788
354 365
324 359
883 984
926 986
616 866
538 784
616 629
197 328
535 691
228 900
681 726
562 684
295 325
677 991
695 905
360 415
255 322
685 736
357 489
896 925
686 851
628 966
67 146
77 802
118 301
876 930
315 670
943 961
228 766
926 986
229 915
993 995
861 940
616 902
841 967
169 524
900 953
756 792
12 975
415 442
908 1001
280 654
926 937
860 928
452 678
670 1001
205 289
97 421
801 873
840 985
827 989
108 869
433 751
330 631
172 691
664 922
889 899
78 238
431 746
22 931
610 721
933 954
344 694
266 435
914 927
490 743
48 773
72 407
153 461
98 442
881 999
955 971
454 541
389 1000
582 640
562 629
911 929
607 613
974 987
504 716
80 98
669 814
233 642
34 1000
260 895
651 712
52 918
945 953
350 754
325 560
215 254
848 863
232 237
519 528
968 998
330 776
934 942
78 281
191 619
475 920
708 864
487 943
161 834
814 906
651 909
903 986
916 960
684 961
68 356
523 591
972 1001
73 955
553 965
37 669
749 988
748 902
300 553
952 983
605 741
812 883
588 597
466 489
75 478
271 323
571 794
632 881
106 114
534 717
159 783
354 405
356 624
675 888
889 905
363 569
316 948
953 988
618 644
20 251
427 856
548 640
296 572
138 228
673 846
801 971
155 771
718 981
931 933
186 705
910 914
250 698
100 944
312 976
467 471
135 479
644 717
42 95
709 798
150 725
735 761
996 1001
631 946
26 996
881 903
811 871
252 341
409 488
79 263
328 730
788 935
332 890
516 573
197 768
129 254
260 419
256 907
862 942
808 935
270 785
436 732
524 609
13 309
63 375
177 265
909 911
815 854
51 955
901 938
181 336
107 747
927 986
638 832
