186
247 313
394 770
601 954
885 957
180 865
147 216
944 953
72 604
301 721
414 500
220 276
77 718
568 623
678 717
173 870
571 626
639 732
377 708
315 561
602 811
564 581
215 771
861 870
722 740
558 855
482 788
821 953
802 975
739 988
780 845
450 515
109 190
253 888
539 751
704 979
30 825
181 866
62 787
700 998
169 400
294 865
525 684
837 937
919 967
35 736
752 803
678 848
794 971
261 737
842 876
761 847
311 551
796 841
691 904
921 973
624 797
518 864
102 679
438 582
384 880
776 876
779 788
12 954
77 994
893 972
586 844
399 695
119 578
622 926
89 113
760 777
759 990
852 893
205 863
389 771
450 855
776 973
394 720
795 908
219 984
381 942
910 998
396 996
663 746
69 884
872 912
986 995
76 588
318 953
71 453
450 925
638 717
15 486
620 625
399 545
403 598
285 575
937 975
933 987
752 876
665 862
235 935
369 700
712 917
369 428
748 998
28 60
359 539
863 918
604 894
36 256
17 951
383 613
61 563
245 367
551 645
110 121
152 857
192 424
481 778
505 798
990 992
465 904
248 459
734 887
525 903
304 993
293 641
459 471
632 957
581 929
805 883
913 947
841 917
911 940
655 997
448 633
784 996
686 699
159 842
178 251
495 745
48 783
219 423
149 302
478 801
105 906
148 357
957 985
270 347
463 874
726 989
682 793
881 972
511 610
93 279
700 731
583 648
134 220
303 463
700 702
215 590
241 370
700 941
386 607
925 941
553 999
596 635
984 989
767 939
627 757
182 503
573 663
392 931
980 991
87 405
966 984
993 1001
13 505
488 598
973 987
815 967
80 182
473 602
742 772
455 716
