383
14 580
160 398
830 917
37 693
182 758
581 812
114 153
64 427
84 795
703 866
945 972
354 871
104 551
290 991
763 889
186 484
938 970
602 789
919 984
477 594
648 956
899 947
33 53
692 801
957 977
884 957
447 847
418 419
741 929
276 458
743 863
207 971
74 695
411 835
163 563
698 985
101 744
231 267
800 889
914 923
954 980
699 872
575 610
738 922
735 780
764 807
850 901
180 607
208 806
796 962
453 631
882 906
723 952
316 601
247 291
205 379
507 615
199 226
858 941
739 770
607 909
581 974
752 841
246 830
486 799
854 860
887 906
553 749
493 497
784 860
192 979
589 802
414 683
790 906
20 720
384 765
652 783
30 633
540 729
591 783
871 875
805 905
63 293
327 923
904 905
197 282
828 939
594 699
432 591
223 624
187 438
81 618
409 809
380 637
305 482
271 436
644 872
29 229
622 714
676 744
404 994
925 984
549 719
455 734
748 826
487 561
353 521
125 404
317 349
277 742
85 566
870 935
204 715
530 645
220 328
51 368
782 943
771 901
899 979
877 889
1000 1001
986 997
710 946
86 768
789 790
920 967
326 969
443 783
440 608
74 105
893 928
543 717
658 894
837 890
679 816
670 728
407 915
591 902
980 991
606 873
850 968
187 636
974 978
971 980
986 993
677 690
552 755
811 886
82 563
897 949
989 994
803 819
332 447
536 726
94 454
974 987
812 874
340 636
793 813
282 830
694 794
220 575
808 960
456 939
519 972
751 823
16 482
865 921
769 932
204 479
74 397
787 850
275 359
272 947
354 401
279 850
726 758
193 529
867 1001
299 923
228 803
858 964
659 751
754 864
253 1000
975 1000
467 776
133 743
769 971
59 372
50 771
419 440
268 712
45 109
14 695
137 658
696 908
177 704
852 933
362 613
568 584
655 790
65 133
175 471
468 618
867 922
683 767
701 930
503 647
575 715
719 974
79 860
824 945
302 981
375 784
937 958
255 655
183 292
344 873
637 668
554 684
675 997
558 671
240 966
780 876
591 720
505 907
265 403
215 317
91 156
768 939
468 891
592 919
573 659
228 689
664 766
569 773
272 279
267 797
53 811
102 696
250 331
556 781
836 968
301 830
216 845
653 946
323 642
598 754
281 651
216 413
585 645
595 655
18 832
19 570
703 933
528 850
973 993
841 846
40 186
530 981
734 757
210 630
456 890
261 821
869 938
692 800
755 843
729 978
137 540
203 823
21 857
56 407
577 626
873 994
577 817
43 910
679 849
464 984
105 742
716 882
414 811
888 945
186 553
822 846
934 946
75 792
420 872
603 716
468 816
576 706
532 827
995 1001
622 656
965 969
896 953
765 994
924 987
632 715
612 707
940 950
916 979
274 793
531 763
934 980
208 532
753 977
483 505
924 943
461 882
643 777
909 953
29 756
268 702
753 970
513 798
671 694
530 807
684 957
889 950
181 707
437 987
569 906
751 929
471 601
769 969
578 962
137 516
128 624
239 694
602 817
55 429
384 564
887 944
887 977
759 800
55 260
275 819
535 761
643 819
745 825
272 598
861 1000
381 845
179 872
1000 1001
385 920
636 784
56 627
400 544
573 663
661 945
235 743
638 908
220 623
920 932
326 828
1000 1001
156 748
630 744
138 714
607 705
425 880
232 334
112 258
955 972
692 814
611 925
995 997
24 817
41 430
211 308
290 965
773 786
92 294
990 996
552 880
863 901
784 794
451 901
54 315
257 825
48 358
