776
472 607
268 480
391 659
432 454
653 677
513 922
991 992
14 985
73 646
591 743
120 486
756 825
585 650
72 492
430 601
824 870
187 256
534 772
86 520
578 695
325 965
92 126
884 1000
592 708
442 451
939 980
239 689
604 814
574 742
636 844
541 817
777 882
799 918
14 31
877 948
175 338
770 810
79 304
313 415
240 273
968 973
329 670
558 576
648 914
52 423
259 436
617 733
354 488
855 872
742 752
532 901
846 883
346 450
716 993
640 997
939 955
370 914
413 874
605 818
88 561
653 756
988 992
82 230
195 457
133 259
19 658
231 683
566 632
550 754
872 962
387 981
897 944
147 191
546 598
515 671
943 963
46 614
208 626
206 531
794 806
693 927
517 915
157 658
294 645
534 624
794 885
413 424
567 855
921 991
478 960
741 903
303 905
624 838
798 824
537 634
640 721
535 708
966 983
680 990
100 482
950 983
854 967
632 916
870 995
742 837
921 982
75 448
23 925
220 410
333 490
852 950
396 586
750 944
445 761
382 585
298 748
621 733
935 990
851 973
259 945
518 661
369 381
883 903
160 866
140 730
219 795
624 877
577 590
302 703
209 563
538 706
144 867
144 751
270 425
514 849
145 968
300 333
814 857
666 973
999 1001
487 911
259 952
35 714
790 924
652 968
96 474
564 893
909 973
192 626
408 932
35 647
505 822
679 783
941 975
35 358
849 979
425 673
618 727
457 879
952 954
99 930
796 958
72 970
137 462
851 927
577 727
104 215
774 783
938 953
510 916
227 614
655 854
858 866
946 968
642 783
334 418
26 858
964 994
630 868
339 557
480 830
711 771
678 869
431 861
613 749
143 546
373 459
676 772
299 932
232 296
809 954
242 378
892 967
263 357
404 576
559 700
37 756
41 958
565 844
90 564
447 897
206 584
187 934
40 184
612 892
724 869
349 848
495 901
276 320
57 270
966 968
624 997
328 916
124 298
380 502
231 998
15 566
550 980
794 898
751 833
315 857
587 685
849 958
287 817
412 663
377 997
735 874
68 266
21 261
357 739
448 501
583 972
164 243
629 661
25 714
522 585
804 940
334 533
639 779
694 946
426 715
667 882
419 731
454 840
363 800
673 764
708 921
413 826
675 846
78 596
953 955
422 660
437 734
995 1001
461 766
154 274
387 655
537 848
861 912
496 609
974 998
91 888
774 980
538 973
83 711
909 959
706 880
167 764
898 972
705 755
391 893
992 994
820 842
396 943
356 543
983 989
676 685
24 893
781 795
495 953
622 642
374 752
148 849
955 998
619 892
770 894
988 998
541 752
184 849
10 487
920 930
352 904
333 392
614 687
215 693
766 854
672 914
166 183
416 823
738 816
395 419
685 754
751 834
568 657
411 492
381 479
415 448
695 985
428 466
910 983
16 251
164 380
690 855
165 216
406 983
868 920
855 994
972 1001
184 920
25 541
74 819
702 881
496 924
977 999
463 773
439 883
11 942
641 691
271 411
563 573
57 477
949 972
399 629
494 663
230 895
503 529
476 723
472 925
622 903
178 756
920 973
471 910
92 110
410 899
224 894
920 964
397 649
302 425
441 817
743 943
649 921
840 883
751 819
888 899
882 978
970 985
312 404
565 879
559 786
548 906
959 970
91 301
994 999
706 964
563 604
452 609
267 398
618 804
134 995
47 898
420 733
816 905
343 566
347 872
853 913
572 608
846 999
632 761
804 942
476 554
385 912
177 826
491 634
723 974
588 597
737 947
789 922
990 997
808 909
108 245
181 448
833 980
977 1001
189 783
352 459
44 423
267 490
241 484
481 945
349 606
684 734
58 233
473 644
494 611
286 856
522 924
693 800
127 736
343 465
126 137
490 975
208 764
890 962
737 846
847 996
780 894
826 855
371 587
522 867
659 822
296 514
251 655
918 969
975 994
362 907
860 924
650 716
77 429
37 804
838 996
975 992
59 870
740 798
210 336
45 518
391 566
961 970
239 846
117 237
449 968
814 870
179 891
529 971
788 926
950 974
331 559
816 848
158 287
545 617
47 508
267 882
328 680
657 829
87 701
570 940
44 793
685 933
623 734
667 669
741 846
190 263
107 357
916 938
117 904
875 915
446 914
366 443
899 905
975 981
331 990
982 997
437 587
524 877
12 479
267 455
215 791
851 931
388 974
148 508
542 966
46 861
276 960
834 988
181 960
46 417
394 979
906 940
334 652
133 329
873 938
42 140
291 936
758 983
507 603
380 836
934 989
306 612
779 874
936 973
194 465
682 961
529 763
29 956
675 797
77 881
309 310
232 352
929 959
312 386
280 578
230 296
106 981
27 989
109 905
332 428
803 877
216 343
197 373
931 937
626 782
317 461
914 986
640 836
888 954
809 969
39 798
998 1000
766 883
317 547
45 407
608 776
573 773
168 709
290 804
203 642
178 809
560 605
456 568
259 554
495 790
833 1000
27 456
805 864
731 976
908 961
872 956
651 976
520 745
126 925
495 599
133 969
696 842
20 321
963 998
741 975
130 791
688 720
638 710
126 191
397 579
506 981
252 1001
666 753
131 388
213 377
89 305
561 999
200 724
408 842
172 466
611 648
187 947
814 909
647 871
792 810
171 675
789 990
53 72
357 930
660 858
958 969
136 785
904 938
333 728
80 117
159 739
575 876
11 167
840 878
631 886
103 770
300 625
759 945
913 968
52 681
547 669
941 985
158 860
204 214
166 846
590 838
589 946
222 359
128 136
25 647
538 753
371 566
620 793
360 654
468 529
928 992
570 700
527 648
533 880
256 738
965 990
706 895
983 990
888 931
616 641
891 961
368 741
184 292
718 789
963 966
894 900
860 968
763 789
793 825
661 699
14 930
145 338
513 679
62 630
880 967
476 516
935 947
272 912
909 955
296 376
387 617
289 794
260 433
307 544
710 901
582 785
78 692
250 359
981 989
747 955
995 1000
200 569
594 720
89 557
661 983
412 789
286 906
77 606
982 986
712 987
209 665
16 772
262 682
522 913
571 615
677 813
407 538
711 978
813 911
117 135
845 878
238 261
681 733
806 947
881 950
166 354
142 677
605 962
267 485
899 938
955 972
398 575
41 67
373 616
854 860
431 603
241 496
595 983
649 689
663 760
177 987
318 972
746 1000
968 991
447 980
749 992
301 726
127 164
168 552
707 772
371 665
934 982
971 993
473 752
387 965
852 952
173 401
608 863
236 825
110 824
942 987
678 846
761 914
845 873
450 687
556 656
685 694
948 990
249 689
967 992
144 723
712 720
200 803
685 748
667 853
567 689
570 815
888 938
227 361
258 613
284 719
98 673
21 361
687 870
410 668
660 765
553 682
501 799
419 464
680 893
330 419
718 969
978 993
631 678
432 618
568 809
454 736
44 958
808 862
578 797
676 765
445 915
750 920
671 850
620 753
726 751
35 926
958 979
74 708
649 839
709 755
380 558
499 512
286 763
530 896
17 490
935 962
186 547
849 909
612 767
490 770
329 826
120 853
125 479
116 149
539 960
