1000 1 10000
182 655
1965 713
4020 792
1464 456
2366 866
4036 714
490 76
1149 814
4035 955
3922 235
749 497
1973 384
1291 443
2786 348
3603 597
2190 631
2675 8
4035 899
4614 644
1000 412
1851 893
3938 864
3057 267
499 502
3607 739
2166 540
2579 532
770 192
1210 877
4239 439
580 364
2189 51
4580 166
917 27
3606 948
3662 124
2011 375
4458 113
3838 322
4391 438
4708 93
2671 867
3415 248
4470 14
1290 346
698 208
4345 567
4762 778
3170 426
1653 629
737 307
4693 442
4205 512
4643 104
4608 317
79 796
4483 116
1526 781
130 996
4581 694
2017 461
1967 447
4398 568
3461 602
959 186
32 62
4019 555
4122 0
2163 827
492 351
2184 640
3015 639
2510 278
3038 799
3376 868
1505 967
792 944
2056 399
1960 951
283 696
36 792
4855 924
1095 237
1467 972
2400 809
614 997
2033 87
4061 216
500 810
3087 567
3461 296
493 449
2658 549
1678 809
2433 916
1680 36
2948 496
1454 626
3768 130
4583 187
4480 779
1920 439
1374 750
2024 728
3610 323
284 885
3172 920
784 520
3949 771
3056 947
4775 144
4917 113
1911 722
2400 356
3007 47
2725 196
3567 748
1859 481
4684 15
3473 626
4203 313
1501 791
1986 293
4653 114
3558 661
2093 373
348 899
3518 325
3694 875
740 658
1725 19
2856 478
4777 169
2164 158
1602 197
1062 310
3486 636
1029 948
4931 341
4919 748
4315 134
4154 564
4565 549
809 550
220 208
1390 925
3234 171
2249 397
2297 186
1438 781
2246 925
3776 138
3309 188
4767 520
63 719
1887 139
1825 754
2919 915
2598 608
3856 568
3866 822
3766 200
4513 927
3189 21
2705 856
2818 39
2043 551
4182 862
3406 429
4660 787
1959 258
1307 263
4823 187
1401 999
731 450
859 581
4823 2
131 897
4703 999
3591 640
3916 548
4931 495
4862 65
902 100
912 245
180 10
2014 952
607 331
2897 681
4137 180
1591 628
3421 587
3647 740
3505 283
769 987
4585 612
4894 811
1115 500
2937 613
2765 534
2528 897
3171 491
4387 863
465 522
872 197
676 641
2116 530
2998 260
4594 897
3336 186
3114 920
2135 73
848 47
457 541
3013 395
682 759
798 445
521 446
1459 520
3510 458
1340 543
4937 795
2335 889
564 640
182 166
103 430
2716 605
3896 102
242 826
2389 564
2134 886
3662 818
886 872
232 4
2343 596
2577 517
543 364
4174 413
4912 974
2741 378
165 7
4405 893
524 902
2424 481
3947 872
1103 379
1061 752
884 242
3635 484
788 9
231 594
2851 206
3311 197
2642 244
3152 663
2276 193
4382 308
4344 448
4720 101
4822 671
298 283
2307 7
1996 952
194 474
669 39
4953 482
2233 138
2806 914
1146 736
2561 653
4227 770
1761 946
1746 285
922 985
2892 137
3153 93
2783 343
390 440
4199 124
323 671
959 977
2015 134
2733 330
3570 262
2171 890
1855 390
1077 187
4369 280
3591 684
3182 140
1190 668
3130 914
1604 647
3420 727
4428 722
3578 726
933 479
3015 373
849 60
550 894
1021 927
3774 996
1501 507
3206 828
2420 744
1539 592
2177 897
4906 359
390 270
3926 559
2642 522
4821 993
4778 314
1043 700
4113 904
2211 137
4181 347
382 339
1337 475
3300 785
2130 214
3275 285
1567 302
360 123
3363 351
4068 141
386 581
4568 353
4372 972
4654 460
3977 971
1258 346
2567 191
1771 174
3759 446
2826 574
3451 256
1251 736
3156 731
972 290
2011 37
1461 294
170 710
902 520
730 600
3063 260
1435 911
936 448
1249 205
3841 616
262 771
2072 604
122 977
4849 658
3188 988
2654 949
2449 937
926 666
1086 791
152 21
2326 574
3582 10
4443 483
2459 180
1964 518
2557 129
1271 381
591 562
4906 858
1484 804
482 698
3795 833
4584 982
932 487
1584 513
1446 172
500 346
2699 385
4950 412
3180 722
951 249
3960 967
3210 267
4280 377
3101 120
3894 755
3502 857
4185 868
1323 249
2447 166
3468 728
2457 784
2588 197
4661 614
2644 424
1225 81
1822 290
3885 169
4426 395
1667 594
820 439
2600 632
2872 669
2961 755
2883 915
904 674
175 731
4903 8
3891 88
4128 22
2188 839
2235 123
2736 972
4925 833
4907 396
1944 549
1796 767
4856 751
2444 986
726 291
2183 429
4541 253
4316 648
4254 949
4411 859
295 276
2533 848
2458 715
1750 306
3163 35
116 864
4951 298
2584 896
4965 150
9524 2697
3651 567
977 981
3750 810
551 20
4386 233
4854 173
1317 213
265 389
1892 981
2000 242
3669 263
3541 137
3007 590
1500 291
2974 413
1942 783
199 559
181 632
3333 736
2803 576
4719 218
892 656
4140 219
4609 655
419 560
3413 829
1239 4
605 584
862 816
2445 925
2765 49
3741 69
41 911
3926 963
350 165
1522 826
194 263
1702 664
4917 929
3178 590
4260 980
4864 477
2053 381
327 83
210 232
4981 45
4961 592
607 943
1502 614
2886 561
2478 521
2101 630
637 446
1497 771
3345 287
1372 495
4801 91
3408 820
4559 856
2483 774
2454 876
492 992
2744 750
1055 84
3798 722
596 536
2460 99
3550 662
2523 132
973 342
3384 343
2189 794
1272 506
3790 503
292 478
432 997
311 548
910 653
869 15
2941 995
325 272
3009 714
1403 850
194 363
1447 104
183 971
1499 67
1813 455
1864 785
4665 94
4707 151
3483 251
2971 423
2993 695
4551 845
4287 180
2536 433
3394 630
839 378
2734 543
3542 639
1917 931
3514 423
3740 566
1430 577
3103 352
3397 963
4636 851
3659 235
264 61
4284 818
3848 617
2527 163
1534 688
4182 595
1644 804
3033 711
4980 898
1892 282
2933 896
377 694
3572 794
659 814
2252 423
3534 793
3995 5
3201 582
2316 774
2069 386
1108 431
2724 382
3958 194
1500 722
2888 885
495 539
989 404
4710 664
3860 425
2707 394
2402 920
738 778
1602 355
440 274
3328 38
1286 37
2848 223
2680 254
4051 176
2778 343
3227 483
3114 29
4474 981
3645 8
4240 825
953 457
4757 338
119 537
3421 477
945 779
4204 941
2274 402
3064 154
3647 174
3192 318
4388 729
4459 266
3549 215
1308 690
1043 713
4805 272
4340 654
3455 769
2447 196
2700 919
1064 738
4578 536
3973 855
1067 50
3321 748
3913 381
1893 345
70 45
503 982
953 350
511 18
2260 574
1608 90
1015 728
583 126
474 443
1859 409
4945 538
1717 711
4868 463
4765 733
1812 582
1021 551
2868 193
908 690
2800 774
1291 815
4628 238
4622 401
3006 587
1155 160
4080 6
2703 392
1052 624
213 479
2871 313
319 619
178 197
4257 756
2442 196
1251 715
3120 852
3420 334
2806 34
648 821
2305 229
2047 567
4036 981
3056 450
1096 753
3478 992
2039 906
2133 344
2917 946
1164 465
1572 67
3955 150
1315 593
3808 983
83 129
4743 866
613 371
2064 373
3293 352
3431 847
1287 735
4867 745
4231 209
174 799
4329 304
4161 799
4704 640
3947 469
4286 769
2772 525
4312 396
2522 277
3411 951
3159 946
711 745
3991 868
3549 321
586 662
69 815
3287 996
1138 660
2104 666
1839 888
3851 357
3966 653
4376 369
1819 209
2224 704
1446 624
841 937
4882 31
4322 40
142 115
670 953
3495 941
3816 249
800 263
91 160
82 2
382 100
2833 325
3955 932
2059 537
2409 263
2593 726
362 23
4613 359
2553 863
162 951
4473 444
3515 5
4293 560
617 747
2633 676
946 646
3408 824
3525 873
3549 332
3748 898
3888 86
1356 321
584 730
1413 316
845 888
3182 620
1463 995
1858 879
121 510
996 760
1774 669
2132 755
279 323
2115 345
1475 120
230 603
1202 439
1512 55
3969 40
3381 908
291 503
370 399
4946 635
4797 146
1861 300
2366 415
4000 978
4826 510
3705 354
3257 764
4458 740
4785 486
4779 624
1571 452
3150 813
2329 244
239 633
1964 75
4910 885
398 575
967 722
4058 346
4579 179
1406 837
3454 12
1970 844
2112 192
419 528
461 606
4813 771
2896 579
4213 241
4677 935
2424 705
3545 408
2939 557
3825 362
4743 68
4298 900
2038 18
1513 693
3978 658
534 966
4571 379
3267 365
2692 837
2956 385
2795 36
564 3
4579 43
604 163
3636 202
819 39
293 633
1857 957
4878 855
2595 237
3786 452
1007 9
163 519
2286 945
2390 629
4123 484
3341 483
4827 829
3993 653
1019 483
800 66
2023 45
4706 498
4709 778
3211 198
3702 369
3848 661
1399 819
4470 832
2646 224
4582 454
1464 161
2580 580
3446 800
3790 436
4438 590
2498 962
366 234
875 309
828 352
1829 471
4633 584
2455 899
4475 469
619 159
4869 934
784 302
1426 830
3942 83
2231 705
4028 543
4376 843
1563 877
4147 237
1833 664
3059 432
3411 577
2573 615
597 856
69 722
548 553
3786 65
2612 351
3847 964
1394 936
4328 112
4424 505
3873 511
449 332
3705 675
4960 548
599 246
2287 47
3363 219
2118 736
31 295
1255 750
979 399
1811 219
3380 897
3323 257
3076 974
3421 107
1308 952
1477 218
280 824
266 765
2023 177
4665 608
716 184
1155 879
1502 716
4821 834
2105 779
796 218
4606 645
92 613
2201 405
2493 456
1532 23
4039 167
1409 955
2269 85
1938 804
2403 420
598 127
3289 418
4507 545
1161 485
3131 327
2760 927
4946 753
3860 560
4824 628
4379 63
2687 96
1869 351
2490 845
858 741
3626 291
3379 840
1302 107
4475 655
1523 33
4062 346
930 400
3182 310
492 276
3689 226
2687 47
4402 978
3993 497
4637 632
4308 638
3278 724
3774 744
1745 89
1329 281
1246 63
3417 417
6 284
2241 424
4774 80
1252 985
3960 916
1402 771
1389 572
3559 2
3675 890
1038 348
2481 575
1842 470
4205 786
1808 958
4485 817
2239 764
1925 507
4952 753
3477 26
1895 917
3726 106
1359 177
4388 158
103 15
892 271
4012 882
4247 612
1102 483
1815 212
3858 915
4107 348
454 671
282 903
3594 515
2128 520
4374 224
104 243
3882 212
85 546
723 675
3661 305
1651 504
4480 287
4196 926
3214 216
435 915
4097 933
3608 810
4282 372
1305 378
4929 464
3001 745
558 492
2266 409
4497 446
1273 767
2432 690
1433 993
243 757
1566 265
