10000 100 10000
16466 5173
12467 4881
2291 876
4528 995
3838 39
688 192
3174 713
18778 7788
1717 890
19854 1336
3079 557
17569 1629
15759 6817
1178 266
19254 727
14376 9355
2741 108
4199 118
17078 1744
4482 328
3142 434
8268 8750
4202 153
575 948
528 510
17164 9818
2654 82
11896 637
14476 8417
12756 2076
3131 886
1731 335
4988 136
2221 132
15863 8746
2392 377
14812 2027
14146 957
2350 284
1705 940
3622 424
2601 153
527 549
2722 493
4883 635
361 229
16215 3303
3963 70
1432 172
10368 5319
14053 4967
4774 264
3515 318
868 102
1806 747
12939 3213
431 578
17646 9811
85 766
3442 911
1740 543
1045 617
17042 7087
19285 7290
15364 263
3093 23
4707 96
2149 652
3361 496
12187 6008
1900 399
1087 539
19662 1308
1382 666
3863 187
3867 737
3521 848
18455 9234
2925 645
10705 685
12981 141
4926 701
16547 7720
18451 2438
1000 768
2997 587
3757 874
2502 162
3608 249
2202 192
1846 902
3003 328
15068 3639
1777 710
920 45
16315 2244
4631 168
2781 280
44 772
2916 533
2934 825
4896 538
1893 97
3389 379
16555 6252
900 758
11257 9949
319 836
13825 2424
747 539
4401 311
913 909
14931 3976
1246 658
14455 3553
1781 17
13910 7237
4281 782
1804 590
1270 693
2551 302
19883 8113
4264 450
412 230
2107 912
807 508
14732 2178
2831 619
12206 6740
3190 164
4188 54
4740 84
1258 560
4999 285
4534 307
13 402
1900 255
17028 1729
433 736
14111 6865
2375 245
19005 3106
19868 2853
1658 480
4505 87
4570 347
788 215
3467 530
1206 733
3044 500
1886 169
4567 251
3733 556
1941 897
18312 7485
4476 644
3778 273
3676 865
133 662
2593 589
2151 51
4156 259
3345 283
1793 506
15498 3617
393 802
3563 4026
14979 3083
1774 756
412 146
2876 34
1203 502
990 787
196 126
4488 651
4745 103
2487 631
14058 7114
15748 4267
15209 5136
4373 366
4347 197
1155 458
2655 762
4157 303
2650 881
1549 303
263 481
4834 142
955 406
10216 2447
2707 889
10597 1999
1162 915
1762 0
448 817
1413 972
11426 8
1524 98
1074 167
4245 464
12149 3875
15491 2458
1235 95
18349 2910
17043 8939
16707 2811
12512 2860
4791 734
10667 1650
14874 9455
2773 245
4168 654
18894 3498
18894 1457
289 586
10790 8685
2190 905
355 990
4134 182
94 249
19606 8888
4652 732
822 631
1100 966
4128 817
1437 401
4244 863
19523 6010
16715 9738
2232 621
4097 354
4624 94
2431 340
13128 3673
2809 859
4914 327
282 795
3602 350
1366 243
16473 4028
3894 675
2492 43
3987 982
332 858
11655 8011
1920 893
2932 595
4377 463
2027 864
974 588
3551 703
3198 352
4330 945
3328 231
18704 635
2750 435
9344 2967
18989 6239
4017 539
4577 410
1153 961
534 838
4197 758
1225 211
23 643
3354 965
2300 536
12035 9695
3225 568
2359 404
2168 552
3614 308
13606 4233
4594 177
14210 9260
2681 475
2697 97
4722 952
14476 122
1337 204
1566 519
1244 406
1802 365
614 699
331 385
1642 219
2237 852
701 867
1090 601
3138 829
3951 585
1347 645
243 335
17228 2060
16751 2621
15196 9370
3586 509
19571 1621
3022 544
766 910
184 820
1215 137
4972 92
1597 172
15742 7668
3132 96
4527 327
17320 3655
252 4
12904 9123
10700 4207
19220 9154
4572 29
18458 2317
2330 751
1879 113
3628 249
3947 62
324 373
4090 977
11564 9952
11390 9539
10377 3434
2824 783
126 698
3668 222
4116 345
2313 193
2109 898
11478 7177
18634 7961
1672 154
3120 505
15532 5626
3942 256
2118 931
1255 498
16459 2133
14593 291
19852 5254
3473 898
3827 857
878 117
12169 2218
561 165
13946 8146
14657 2572
1350 687
12322 8518
1800 717
3838 826
3 320
19622 6996
1028 718
4381 292
4843 348
1118 896
3999 725
3613 354
190 328
781 297
756 872
4836 494
3285 903
14636 8893
1250 94
1806 231
2762 338
11 553
3913 109
4182 813
3059 998
3968 2
13544 1220
1077 952
13190 7158
1640 285
4518 728
4414 373
1816 155
12721 1552
14203 5353
14155 5179
16778 6074
10905 5387
2938 898
4736 516
1053 232
1770 915
3287 591
4321 950
10776 941
494 632
79 445
10117 6473
274 573
13931 7551
13426 7106
210 718
19122 6529
14111 9870
3365 371
1157 471
4209 740
2628 790
976 199
11461 5462
10437 2037
1127 234
2210 261
6099 5489
11832 3199
19012 1220
4579 705
1203 825
1891 17
1289 453
3368 394
1451 741
19074 1551
1990 445
1209 148
654 45
3400 182
14932 4544
4404 656
2244 948
1415 136
4905 673
1869 436
1001 271
18623 5331
73 821
4895 752
3555 916
3333 327
12849 1067
12582 7607
3334 894
4176 871
3825 487
4222 621
2938 258
12290 5615
2008 814
4840 852
481 427
2548 785
558 246
2165 467
4175 659
15385 7136
1000 72
3029 189
241 735
2183 566
1164 8
19910 5224
16432 5461
4307 221
2609 256
3586 554
19929 6212
19106 7090
1141 867
2645 507
10106 1531
2657 580
10412 4474
1774 618
16696 6150
1896 31
10494 6610
3755 237
19500 7384
1346 939
784 850
18833 9133
445 29
4582 234
13658 3287
4861 739
1279 60
16143 9647
12337 4715
1379 80
1487 487
13424 4627
3776 694
894 36
2631 333
947 994
15214 534
4591 900
4542 672
3177 321
232 84
18653 3768
11759 8647
777 832
12837 1400
4749 461
4615 852
2152 163
3449 344
3828 810
4254 263
3373 262
13047 9811
11409 5870
2244 633
4001 117
17762 9766
283 664
3188 474
17425 5362
14353 5111
4363 529
13847 1161
18080 6469
3223 669
1819 231
12734 6021
1374 81
690 325
919 605
10670 3421
19846 1834
3471 993
18843 107
12926 7480
18636 9580
2431 525
16637 1442
4902 982
3452 321
11266 2632
550 765
1459 491
12840 4512
17029 1910
17176 8445
758 193
865 922
11567 146
19348 6440
13533 4652
10942 1463
1974 868
3498 653
15278 2161
4829 517
3490 948
835 175
631 470
3327 470
2174 445
18186 8357
591 766
18277 1671
1648 745
2270 688
4915 209
18858 5241
12426 2491
2726 972
4042 376
13147 6955
16012 6203
1676 966
1224 128
15732 3689
3381 777
599 45
2162 989
19032 5985
10542 1210
19090 8040
12766 8595
170 659
18076 2827
2995 287
10436 3326
994 930
15597 5042
4718 858
2889 38
1881 338
1998 890
216 767
882 194
2069 815
2548 431
4272 642
1273 63
14422 3976
2532 757
2677 600
1886 53
3997 239
2079 373
4885 670
2066 585
410 808
2228 259
2217 544
2024 7
10323 6793
487 957
4435 17
149 88
4540 378
12280 477
45 878
15213 4626
4186 459
1011 153
911 447
11046 6707
4408 92
3196 119
4512 260
3515 660
4141 503
16676 9095
13786 442
120 131
4445 847
3997 211
723 614
10355 8698
1273 790
4605 953
225 859
2961 620
2682 908
4900 236
17102 9524
19220 836
2114 625
4362 236
3188 240
1764 925
15154 9942
10007 8043
2523 11
3833 43
1755 881
3245 114
1416 283
324 515
2876 16
10874 4790
2967 342
15503 1228
2808 377
10975 7195
3144 964
14992 6445
140 555
11939 2953
17957 2445
18132 2626
19453 4299
19066 1977
3093 786
4553 749
18233 5934
310 435
17423 7135
19475 8237
475 753
3694 25
4110 615
1782 480
14598 4593
3618 607
856 670
4287 386
1893 184
728 93
2733 196
3248 615
395 958
19955 7881
15857 4619
2499 228
19343 4010
13371 6943
10857 5451
17571 316
1775 125
2808 397
3631 369
1850 741
12969 2503
2929 685
2255 684
4933 900
2045 732
3018 407
1438 231
4676 617
3725 189
4721 403
3401 380
424 109
1930 233
13435 7156
2862 918
4938 560
433 771
4967 603
3439 523
17867 5715
4015 397
2863 404
4560 914
2629 720
3217 600
4423 115
16463 464
1764 120
309 710
2922 156
2586 562
14767 1148
3575 547
4572 114
274 471
1671 517
3199 507
2709 53
13147 1859
3959 586
15649 5434
15940 1594
17895 7355
542 673
304 137
1890 594
3991 180
4530 676
3148 183
250 992
10898 4677
3845 548
4392 174
4027 685
1953 284
19293 9663
3007 385
10152 1319
3662 752
309 609
2634 924
4272 923
14769 8304
973 370
3964 855
833 258
541 390
13327 6557
17024 4499
2766 782
3107 120
2968 800
2526 978
2672 198
16496 3378
1324 570
2046 751
4159 478
4822 550
3838 593
3533 755
2625 619
11785 1733
3171 86
16214 5496
1857 433
2849 971
2688 928
1862 134
4167 911
3082 876
13471 2995
1075 572
12455 9442
14103 5688
3796 923
10431 9282
1800 494
2657 1
18152 766
4299 101
1122 570
3832 641
592 76
106 93
11479 6722
19089 8553
2546 639
2647 377
4214 556
10159 228
689 346
2578 705
4029 514
835 587
1527 336
4568 775
4202 409
17892 9137
2784 61
2374 278
2735 199
12267 5893
12363 3999
1062 736
3863 213
12736 8748
308 451
4524 182
11939 1521
17430 5415
4948 339
4505 887
1001 834
1409 116
3839 810
2343 170
16569 5369
1270 332
11370 8722
10818 1334
1262 140
4994 92
647 314
16842 5492
3600 297
370 32
2034 244
1953 338
4859 416
1572 522
15937 5546
4560 477
4467 299
1657 930
1904 174
1848 538
1361 872
4267 866
1959 313
3913 898
4776 249
3106 387
1581 761
729 451
1567 357
3033 617
246 683
3711 424
12001 1443
2613 898
3724 535
715 717
15060 3293
3041 310
2316 422
3891 270
4933 338
2145 127
4418 350
2149 12
992 130
1582 955
16062 1983
976 299
11836 4630
10069 9274
1429 433
3870 638
12887 7912
1531 419
4512 371
1487 618
3305 197
10074 4474
664 183
2484 994
3438 391
1640 9
16725 994
4853 364
11124 2460
874 421
17351 4787
1323 449
606 636
4987 480
4049 319
15402 1969
1226 435
2496 444
3139 330
3180 102
15 744
18360 6448
3809 248
4242 119
2642 995
1963 328
1252 626
14734 7181
11901 2407
4092 81
15993 2746
4783 433
4317 776
1204 774
2370 171
13750 7893
3479 778
2688 331
331 396
1200 776
10373 4244
10128 2574
14699 256
4598 459
562 351
540 917
14628 8079
4605 259
3892 566
2169 713
10181 5327
4971 150
2341 638
16675 6554
4151 704
17875 5905
665 387
13150 1820
16918 7287
13701 608
18852 6839
4859 123
10568 6803
3753 142
16604 8200
18138 3462
244 96
180 86
15899 7404
1165 730
11481 7619
2811 803
192 487
48 199
232 661
487 166
2614 160
4856 175
19274 2303
887 997
204 300
15798 5201
14155 2452
4450 654
1103 580
1443 923
15914 2879
10673 8579
1422 233
2394 794
10068 4890
3437 898
488 411
4249 254
17158 2047
15301 9253
18750 3352
2530 568
780 736
702 582
4891 675
14400 7535
12316 3539
18582 2177
11082 2842
12038 5841
2635 999
3376 293
3379 240
10629 7798
1853 671
13664 272
3320 404
2890 172
245 870
14211 5533
4546 234
749 188
3878 494
4259 766
4948 556
4454 630
4162 897
1099 401
10881 3763
12874 6909
4725 900
2407 789
13006 1625
2120 300
1031 365
4773 709
682 126
3429 454
349 157
4441 569
3014 12
16230 2372
12517 728
1535 255
11265 6034
1724 293
4974 977
3944 3
1780 747
4505 22
4435 65
121 246
615 471
2139 970
17865 9245
15947 385
4298 779
3195 355
14042 6021
11534 3613
14486 8031
2486 767
4146 149
3132 850
3886 810
13480 1803
15028 2297
4195 521
19453 1
13604 3177
19117 6788
16405 8655
16058 8761
10460 6672
859 541
1737 943
13782 325
4560 602
3734 699
4586 487
4281 759
4875 844
16823 4897
478 129
1215 839
693 776
4557 171
2746 319
4169 481
13778 4314
2915 152
17109 4389
4118 265
11421 1872
2167 679
4660 988
137 771
22 659
368 641
1370 180
3908 527
3550 648
17766 1103
4376 370
2732 80
19048 430
2207 447
11045 5279
16771 2695
4900 744
4228 431
15230 2537
1199 847
4703 859
1104 498
13113 4243
2586 428
87 339
928 197
3964 19
2538 788
19920 231
10206 6232
17569 7951
14845 5144
12405 9102
1477 27
11123 758
18747 9827
1809 912
2973 4
655 336
2282 738
12100 2565
19385 9862
4370 560
1274 21
17589 9418
4111 619
3569 846
3005 179
13480 7157
3195 425
18467 1782
13669 9324
1228 529
4635 422
984 151
51 528
2809 807
1554 539
14387 3204
3375 604
18033 6010
2452 939
3229 613
17041 6174
4372 715
3344 889
2509 858
4596 319
3400 640
16771 7558
469 644
3000 678
3360 673
13988 7904
4309 75
3665 33
3704 49
2095 146
2382 647
13873 2634
4599 63
1734 341
17676 1751
721 25
2636 485
1663 762
3242 837
19971 5553
17189 4194
633 597
1661 90
2452 240
188 181
768 47
4757 915
2563 619
4352 338
3400 463
4182 915
3436 176
2028 601
10928 3507
10631 1444
3749 885
256 413
18939 7147
14884 2908
14014 880
3223 591
1945 687
1893 832
16771 7999
16591 9480
4642 422
13291 8051
2898 516
14044 2818
62 966
13608 4563
1893 775
453 234
1553 94
367 398
4913 871
17635 853
4684 997
13376 5989
906 557
1470 784
18201 4899
3750 334
3595 988
2123 485
3892 833
2659 34
2640 12
2696 857
4946 470
3103 110
836 902
2981 966
590 767
3642 791
739 178
873 497
578 461
11956 5206
2181 458
3366 129
699 879
586 328
13852 3615
4671 10
4031 941
4858 501
3683 934
100 974
10363 1139
14581 2059
2079 84
1600 252
1191 598
2564 585
2818 522
2497 449
15355 8976
2353 100
13614 120
3179 240
541 699
2764 565
4693 693
17174 833
3259 317
2472 614
3898 820
828 405
4915 806
2898 879
17610 6249
351 383
179 586
4444 745
2312 6
15589 2699
1482 353
13614 7702
10439 9047
3457 895
3104 451
1357 647
412 605
12896 7908
14284 9923
3608 776
4853 732
2674 194
19216 408
10108 7751
821 61
1944 867
1203 121
4575 692
3857 924
2871 30
10880 1473
4463 823
3333 838
10911 5037
4449 874
3298 734
1762 692
3851 57
19905 3774
16142 4156
16761 3807
2720 909
1188 685
17057 4304
4580 967
18023 6162
3195 199
3119 694
4893 306
1135 340
1131 767
3978 978
2103 10
16513 6900
15487 5655
19041 4380
3995 331
2638 589
4265 569
2461 615
1529 271
18215 4919
12090 3209
13167 3931
1480 288
4911 330
4501 784
19812 1683
2229 245
4919 861
1532 309
132 895
3988 436
2036 743
3204 37
17079 4272
18972 9291
1775 638
13350 464
19920 271
3526 266
1023 18
1038 322
10525 5374
4298 94
15189 1505
1350 442
1182 810
891 349
16586 9382
2973 236
2754 223
170 854
14246 5695
1504 431
3346 607
530 587
15671 4385
4503 295
2818 330
17529 9555
14048 7766
3143 162
913 731
10451 7235
19144 627
18620 3852
12219 4617
814 497
3275 212
538 699
265 91
4037 205
2879 593
3147 50
1617 746
575 135
164 817
1906 832
2198 139
1215 680
37 870
12749 991
552 69
17677 1759
19439 497
4652 686
1287 798
55 350
108 641
1515 386
18218 1334
608 269
11003 9344
634 351
17524 8681
1373 416
3554 61
4835 281
4641 491
1490 441
1104 583
973 66
15242 6521
3345 187
2299 277
351 284
3367 847
3328 589
12239 9260
3024 708
13692 3776
4104 661
871 967
3492 666
2387 457
2821 473
12876 3765
2840 307
14404 4206
4857 960
909 876
11920 6606
514 294
4002 912
3016 919
12544 340
3428 913
4454 153
1430 267
10425 8615
449 0
16295 7123
373 529
11392 3170
4739 645
18968 9907
10333 2137
10024 5095
1169 148
3704 888
1704 40
1210 151
306 453
10502 7565
2925 515
2030 690
2339 784
2679 227
2211 791
3927 86
1379 527
4239 413
12863 477
807 673
1098 96
10805 704
15578 7103
1549 810
16342 6603
3626 162
622 599
17949 2617
4920 332
2887 275
1996 532
3607 749
2344 927
17903 3832
4094 57
2892 471
1979 628
3793 784
875 17
1387 869
18353 1848
11894 2317
10867 7671
1839 332
756 520
1354 500
14963 9645
3545 14
4754 343
3278 36
3036 350
565 983
2554 650
3644 56
4061 43
11203 512
10970 9833
19339 3047
210 301
4311 623
13102 577
4614 275
13306 5436
4728 949
14740 6653
15056 9588
509 324
2100 617
17815 4181
15978 2490
4051 313
1780 681
4251 603
17806 9274
11167 1750
10428 694
3728 364
881 652
18710 9195
2385 204
1215 553
10084 5101
10738 6087
312 920
11399 6794
14933 9045
3495 714
15378 9624
4065 278
4225 712
299 24
15094 4034
4480 218
1476 257
17126 6524
1543 455
4721 56
17443 1666
4518 852
19336 8914
776 157
2657 876
4936 650
12452 5508
3176 226
2282 685
1039 96
3535 499
19673 7524
492 850
2744 314
917 757
1646 80
3952 779
4617 773
3535 363
2250 572
277 100
2255 304
1298 879
2085 851
10325 9358
2781 353
253 316
4762 345
3340 938
3122 257
2209 259
1385 244
876 586
927 817
18709 3765
4126 779
1349 532
271 40
4540 974
15270 6630
1330 350
11907 2637
11585 1749
3138 420
1116 860
738 12
4912 3
10735 2794
4822 204
3680 543
2977 805
3768 287
18894 2016
15594 8871
1434 58
2068 148
2173 930
12 472
13265 3365
3516 766
1506 180
4473 657
14391 9336
14259 6717
17849 8513
3111 505
1025 324
3178 672
4175 22
662 600
4426 23
14590 7503
13691 8930
341 541
498 567
794 705
13474 7050
4440 850
4209 953
4688 965
542 688
4194 436
10147 2653
3131 956
17852 3459
2793 683
11015 3586
1045 536
3666 801
3208 650
987 998
18239 3889
16739 2767
12787 80
13525 6930
4944 182
4690 71
1604 838
2765 254
2965 555
2685 192
12176 608
433 978
1042 584
109 203
11190 9309
1473 275
19034 139
943 297
2717 388
1310 959
3029 313
16514 9386
16769 7920
14921 6294
3217 34
16312 190
2321 988
11713 5287
470 101
266 266
2229 743
16440 6651
3308 664
565 968
1202 479
14758 2568
4400 664
10717 6682
2158 309
1713 667
10484 2533
3888 726
2551 875
13557 9713
14457 8595
3943 709
2110 181
299 389
15056 229
174 923
2938 677
1663 824
4009 861
3241 518
16445 9065
611 559
824 717
295 919
1645 954
13974 9764
12827 3227
17577 7098
3013 203
14837 7462
4293 287
2936 612
4197 712
4199 547
4510 665
29 82
1233 457
2482 187
3468 379
13041 3326
3714 307
2969 930
744 350
13309 2116
590 592
3739 355
16305 7659
4961 628
18373 9266
2675 512
17176 4286
60 886
3822 539
914 17
10536 1973
1184 457
3618 871
2858 300
17621 8435
4237 311
17694 3119
1189 553
192 659
3720 6
14469 9321
1565 716
1250 89
2250 145
1021 241
3819 598
3559 479
15781 6757
19689 8638
1867 679
1627 226
1269 590
458 897
4868 670
2554 332
19516 2333
12952 351
1 258
667 582
17650 6199
13132 3316
12761 4171
4510 981
12079 2589
1520 725
15409 9333
19179 639
3758 179
14022 2822
3292 932
2709 879
981 469
3694 913
3783 900
4387 757
4066 791
4875 955
11696 5022
4807 575
16149 8991
694 159
3374 98
4111 969
13762 8531
4524 789
631 921
895 775
3922 19
2367 440
1018 964
13106 4685
18850 9487
2205 339
18776 6726
18565 9541
1533 859
3190 615
1256 144
1553 584
3412 481
4840 310
3288 636
2024 402
4740 921
3940 388
19398 2512
1253 970
11229 9105
1239 218
10046 4234
13394 1922
2563 632
12730 723
12157 1777
19724 7152
2307 702
19973 1797
18863 4627
902 793
2287 345
1334 689
1229 582
4494 815
3705 668
3506 66
3736 285
595 261
1454 399
13750 1828
10736 8025
937 360
2004 298
1823 126
13997 7202
4344 51
1639 769
2600 301
14492 6434
440 819
3605 183
1192 257
2961 741
11572 6281
4689 258
566 593
12170 5791
1186 149
799 932
15833 3929
1413 512
2299 732
17172 652
10416 8503
247 294
16094 2867
2781 995
3983 972
13399 6126
219 248
2399 949
14880 2853
13739 6539
848 538
18236 3525
8 245
19807 7611
16883 8970
577 810
84 746
10057 7044
3639 254
1304 785
4593 356
16672 8515
19791 5175
999 473
13067 8375
4709 419
10815 6075
18034 8624
3340 474
1628 965
956 43
1375 464
13101 2033
2160 409
3333 801
4765 339
12550 320
4229 906
3133 645
2631 509
1148 690
14064 4301
3554 848
342 187
16907 2755
995 281
14369 5296
14993 4564
1859 470
3475 919
1988 641
15384 6305
864 1
14440 852
4445 840
18802 7589
1422 326
14548 6402
2960 525
2445 280
2658 505
18826 2722
972 896
2223 326
0 773
3754 382
16231 6839
19338 9265
3656 506
2584 331
1571 353
298 358
15435 5831
2187 468
4623 526
541 887
1994 862
2629 61
19362 1517
522 910
14062 9967
12142 5700
17 992
3689 141
13015 9838
3029 510
3453 983
2824 422
2484 356
4194 823
13890 5117
18999 7526
884 413
18264 9802
1732 789
4665 376
14917 4142
19583 8087
575 435
1548 990
17912 6094
1876 666
3778 850
11640 8045
42 594
311 385
3481 573
2474 636
18728 224
12089 67
1545 382
1124 186
4980 37
1151 448
165 154
19137 7830
4632 407
1533 172
1057 440
17958 923
14999 4256
19407 45
1371 911
18323 9818
1322 705
4847 967
15259 9826
13434 9670
485 808
10851 392
1288 701
18829 4691
2044 519
4403 891
660 39
4878 39
4511 426
1039 919
1417 541
207 883
11417 4801
3286 355
19830 4609
2353 777
10894 7540
807 167
11861 9298
1675 740
4212 876
3413 19
872 8
11642 6010
3670 156
480 736
478 429
12140 4529
2274 80
2382 576
1796 33
1446 46
213 679
15727 8457
1834 806
4344 653
2390 943
1938 775
11347 523
216 163
18782 2587
10342 3515
18861 4246
13701 2451
122 847
1364 534
11104 573
14458 1130
15353 512
2554 107
12381 5905
2445 485
11434 689
4565 713
17426 6630
3672 374
1160 826
12667 5128
3351 58
2379 659
672 524
4494 635
18379 6402
4818 60
1684 600
18229 1700
14069 5268
576 352
3418 876
1291 561
4309 487
3222 113
18980 7823
2592 10
4028 570
2911 858
2484 239
18696 5885
18800 9087
2395 934
13919 8505
4276 81
2277 331
12010 7683
17017 3814
12304 7113
13466 9366
3396 771
828 500
10709 6224
2559 492
3074 443
13835 2934
2692 501
1831 564
13041 4709
4222 740
13489 2996
1216 947
1937 354
1663 164
2072 243
15712 2031
506 978
673 674
11499 2388
4009 483
13027 8120
10926 5360
2176 785
18405 44
2919 764
562 678
4626 446
19428 8611
2413 705
957 170
2545 476
10903 7181
4320 168
2000 660
18771 1320
19733 4608
1482 759
19849 2303
4008 856
16329 8882
953 460
859 370
1636 546
3298 46
3233 393
1590 439
771 257
2439 199
1656 701
14039 4480
1220 18
10929 2906
10679 7153
15602 4163
2877 341
1374 173
2314 341
15453 6158
4924 700
19259 784
1314 948
14265 4319
1261 795
1976 333
2671 516
14934 4
13826 9159
4836 19
4654 437
777 654
2748 2001
1659 923
210 146
15509 2851
3447 887
2088 645
18016 3603
1596 234
3519 357
12309 2420
4547 435
17586 8654
12146 5901
3096 422
18687 7332
16101 1087
2268 44
18806 2632
11655 9298
2339 564
4679 90
3626 629
2136 526
2666 888
17587 8574
12726 3648
3941 91
18864 5622
16850 6445
16103 6267
3161 491
6 141
2920 345
12084 9022
4495 353
17790 9599
13554 9687
16234 9401
18872 5227
4391 210
13044 2273
2315 897
2453 13
16178 5016
10055 5675
14496 286
952 651
1705 233
3422 783
2031 950
4038 409
4543 899
2958 869
12036 6940
12936 7949
2570 86
2706 675
3341 710
500 338
921 591
18774 8317
4426 672
12329 8662
4465 646
2906 833
146 321
2348 989
375 567
18155 1416
3080 622
2389 126
3390 642
2722 798
3183 630
15798 6499
4473 439
1200 207
2239 680
2692 979
1603 377
10527 4361
1025 283
3619 978
3182 66
10113 3883
2474 465
18244 2282
10387 8593
2213 805
3904 524
15897 8613
195 318
12577 9391
1288 140
18515 8771
655 549
19050 481
16 396
16650 9193
4082 218
2199 120
287 269
4866 385
4568 205
15260 2865
4672 286
17535 2199
1137 107
3562 958
3209 659
13687 9955
12885 7582
1525 531
13438 6703
13904 7340
16932 7913
3156 872
3769 457
15101 2938
3113 890
103 933
11194 9677
4417 575
4581 699
3143 407
483 265
19806 1472
15445 7072
3885 632
3512 196
1485 903
11991 6858
15172 7000
1749 371
4456 42
1010 495
4188 35
2599 779
2818 751
15910 9943
14963 7824
13343 6680
1421 15
1186 418
4854 139
19663 2131
3166 389
15500 5978
13973 8554
19029 3064
1101 899
203 368
3607 778
16528 9424
13047 6179
4103 946
2308 701
4351 452
3758 657
4425 435
220 805
19736 5357
4468 9
2396 231
4959 833
19048 4735
2117 181
2653 78
4747 745
19057 1563
2087 706
472 112
4828 516
3618 94
4841 260
3221 827
1522 164
4902 255
675 253
630 205
17026 1553
10291 9424
17861 3622
14567 6705
3131 204
14415 9160
12331 5543
4631 134
3797 855
1047 632
4807 989
15078 7004
250 243
1987 686
4045 844
2525 599
17063 7488
1034 282
965 657
15824 3357
1020 862
2284 819
18053 6240
15080 1514
2410 498
4000 597
2005 618
2839 536
4830 438
11231 9426
2937 862
242 91
1703 367
1668 863
27 694
11804 47
1551 138
134 368
3005 236
1585 421
19587 7621
11233 4815
13516 7065
12868 750
2093 610
3098 123
117 499
4767 565
310 14
4099 3
4993 40
16343 9374
110 189
2257 815
19206 5439
11040 2796
18520 5578
17679 1025
2064 515
10934 1306
18296 343
3336 908
4738 573
1739 309
2326 931
19898 2176
2778 451
3248 410
853 859
11387 7559
4698 191
23 727
544 743
1669 338
4581 353
1627 833
1026 946
4658 661
10965 3575
4112 3
2720 366
100 2
4361 275
4263 645
16140 6429
160 37
1342 827
670 525
11004 6476
4293 373
947 933
1930 648
11067 3022
15420 8314
2210 622
4038 841
13545 183
1022 139
2289 180
2198 862
2486 298
4407 354
12145 8083
3022 674
287 341
15206 1048
17173 920
17392 4170
18038 5623
4600 557
1994 555
14784 9012
2782 533
2281 1251
14838 8383
3209 414
1094 7
4323 636
10137 6057
1506 798
12034 7021
405 674
14478 8419
15118 7494
4171 513
1341 533
1080 284
1485 493
14910 3707
655 582
3751 328
2612 744
16866 728
2519 389
4398 717
464 611
15046 1568
17369 3751
4101 685
2240 327
786 458
582 811
181 888
2113 757
14694 4906
1123 141
3288 79
4509 397
17202 7885
2821 228
14566 4920
955 428
1652 858
3460 562
3906 361
1081 570
3354 101
1450 68
1193 905
4917 942
379 883
10786 6481
11239 5487
14948 1983
2553 413
3866 643
18837 4700
13990 3758
3357 747
1209 554
4314 732
1923 151
1337 169
15257 4782
113 69
15755 1348
2626 695
1576 68
13073 449
14643 6968
2554 655
10368 5936
396 124
643 216
12435 7320
18183 1251
17891 1611
4377 912
361 825
10506 6545
1326 693
517 142
1175 606
3360 799
17432 8635
11632 5855
1886 86
4818 574
18515 6639
1370 648
18818 699
19184 3941
4413 215
1912 794
15915 4641
4968 537
253 443
2857 383
11575 8223
1846 452
1311 5
2377 79
979 737
2298 110
2758 275
3199 827
1363 704
1098 185
3980 13
10984 4222
166 470
4369 764
16704 8662
2693 665
355 469
2234 374
13944 6153
2732 598
789 922
967 237
2612 967
968 867
921 338
12724 7317
3499 973
2050 26
4765 454
3942 107
1665 816
11992 7937
3999 387
16836 7724
15747 8858
18436 2479
15265 5897
14422 7510
11215 5432
1641 230
2306 807
2604 836
14163 2381
1847 923
10449 9108
16736 2055
2135 955
427 458
3890 115
3853 459
2807 993
449 822
19445 3359
2842 464
17925 6099
14106 7925
10391 245
3188 536
4513 85
4708 852
2712 497
1248 9
16888 8780
10700 19
4162 537
646 351
3192 977
172 502
421 881
16180 749
4578 682
3017 310
15781 7260
10141 9013
719 64
10298 6233
18708 2721
3088 96
13905 8777
3637 181
3136 777
1120 668
14908 1997
543 854
3701 284
1491 189
1307 561
18928 1625
1244 820
4058 253
3528 724
2862 611
19377 8038
4312 500
2938 503
1051 595
4186 5001
1417 501
17424 8942
4393 686
4720 825
19192 1610
2486 413
2675 342
12366 502
694 303
17675 1983
1574 329
2622 114
599 408
1748 584
2077 974
2309 803
1428 376
3484 915
410 723
19875 2491
19648 2703
11797 5423
2937 701
462 211
2572 957
16691 5416
1175 252
1297 3
7975 3737
2102 389
4695 343
3832 276
2632 48
3962 730
654 290
123 305
1258 889
2189 256
377 924
466 500
3119 353
2971 173
4511 884
18588 7600
3837 927
4481 418
19489 2161
2207 665
3439 985
3350 453
1105 450
11323 2060
3891 304
102 780
19590 677
985 398
162 555
11009 4856
17767 4730
1020 411
14817 6082
1162 428
17893 1236
3168 369
11640 3972
3948 879
909 75
18766 4511
2401 557
478 276
261 814
3508 424
19215 8619
3739 260
4186 814
3400 267
1711 839
19453 4817
3017 167
4076 117
3934 659
17167 2107
4979 47
18674 4214
2205 939
12101 8731
1228 583
11016 3775
789 510
1852 530
3770 958
1646 129
13587 7214
14649 2179
1599 922
3913 648
13071 8978
18705 412
17568 5418
4017 673
4438 889
10307 7901
3749 86
965 974
3974 11
16464 7778
388 495
4129 71
19165 6523
14325 9551
4451 376
2887 21
19544 7295
896 110
14479 5180
1546 364
4180 619
3107 521
3589 521
318 100
19626 3113
1033 73
4605 731
2719 256
15286 7468
2093 9
1335 882
1507 527
446 758
15929 3483
387 509
1264 568
11367 123
1865 450
1535 804
3518 128
2967 892
1132 914
12558 5403
3075 300
1795 287
11061 9432
2527 710
16543 6328
3006 923
3832 181
3636 849
1739 5
4427 503
3262 98
132 10
4952 738
4782 683
18227 7708
2253 288
512 92
2585 738
4676 18
13508 9074
1014 388
17573 4129
10845 353
4883 122
4776 368
17400 4799
13054 2901
2052 439
3305 436
767 321
938 838
1882 71
1641 164
158 463
4640 996
1950 782
443 168
11098 6961
1222 733
1209 268
698 88
3430 84
11778 1771
3230 399
15545 5798
1908 201
3742 42
4667 946
4370 586
4291 966
13946 508
2313 640
3223 298
3949 797
10106 2326
159 181
18187 5091
4623 642
4090 986
1538 895
3077 515
4594 869
2504 929
1744 463
3054 623
2634 643
11212 1373
2315 715
1377 721
2847 976
17178 9640
545 753
18616 4448
3569 688
11126 1223
16939 5920
3506 620
15113 5641
8252 9558
2368 265
2259 802
78 2501
1608 424
57 840
1815 822
2985 484
4141 100
3604 971
2725 596
7 738
19202 8686
1763 278
13348 6249
14083 9825
19048 2860
3931 718
16530 5387
4431 873
1103 488
3185 983
1934 783
12982 8027
975 370
14934 4229
19718 1961
4330 595
17108 2397
50 395
3540 45
17339 4082
2813 708
1469 634
17675 9509
595 664
16086 2319
4610 639
175 220
1619 984
257 704
13685 9286
3677 877
344 260
4591 506
14280 8851
3940 178
2983 42
1151 487
17611 4348
3961 752
3393 295
3457 940
3483 856
13510 125
369 688
3129 177
2258 544
2030 892
15431 2547
1455 494
13206 9193
3898 95
4667 333
3772 893
3462 199
3004 387
3815 142
2359 357
2706 114
4795 95
4850 523
642 600
11407 5517
16278 576
13212 7749
1895 746
3549 930
1591 101
12417 1243
13597 5678
12258 447
4550 397
18134 5994
18526 7714
15768 6387
4981 228
82 590
784 23
570 199
3550 469
4558 449
173 365
2798 173
4001 52
14002 8538
3857 62
28 567
10855 1522
252 136
3610 748
17016 8050
14899 8261
3846 732
1859 934
17381 999
11554 6557
18299 1205
17918 8743
3417 770
4790 385
2313 824
4674 842
451 431
1306 255
4035 657
4104 810
2769 420
2030 264
19592 9027
18339 7242
15612 5629
1342 47
2010 476
3062 787
4413 849
1408 235
4755 307
1253 930
1899 487
1841 434
18177 5041
1568 190
2822 335
1097 877
13054 4032
14098 1837
2823 720
16906 316
82 225
1864 213
17316 2971
12459 1025
3515 796
2675 269
16121 878
3816 542
903 923
3875 935
1570 117
1443 984
15072 8297
4565 922
17599 4779
1411 16
3328 244
4976 490
2324 934
12030 2949
3757 531
8 120
11223 3268
1333 722
1534 663
1330 524
18981 7913
1107 789
633 308
2739 50
12546 3719
4143 575
4753 77
19019 4165
207 491
998 316
1670 740
3783 603
258 784
16627 262
303 490
18078 4800
18851 349
941 653
4024 194
4077 449
15813 7792
15182 6953
815 946
527 561
12491 7890
1313 588
3166 750
3479 739
3624 273
18690 1239
1629 989
10782 2273
4352 53
4704 544
2683 907
4854 96
217 65
13700 7742
471 138
3301 202
10495 5001
12205 5382
10841 9656
42 33
3725 220
3969 861
1148 574
2641 546
3437 917
805 12
1888 908
546 670
15433 4586
15252 3130
1028 974
1471 457
2902 356
675 644
4172 860
16413 1495
3002 417
1949 180
2579 171
3261 299
4715 738
3078 786
12162 9287
3218 317
14537 2179
3616 67
3519 114
1355 804
2849 811
15494 5228
770 388
14752 4076
17010 9198
4068 675
553 169
4747 834
1667 44
10344 7216
16789 5519
1788 864
13085 171
13627 5105
3495 49
2315 395
3252 691
16026 8211
4486 651
4223 317
1123 300
3403 247
4407 249
2898 685
3256 951
3758 303
1165 138
12248 7885
17260 5500
16329 6080
4622 3
854 642
11280 955
1191 38
4106 741
14925 6509
11692 7644
853 619
911 287
4556 536
94 923
16211 2288
4483 747
1160 597
3473 567
431 909
2329 191
4585 758
2812 793
4360 238
2405 739
898 451
18926 6065
2064 147
952 876
4936 974
4290 953
4934 805
18227 1247
16991 9399
2456 815
154 689
2380 196
16491 6083
2845 6
2593 17
3940 173
4353 896
751 974
1721 213
2068 635
13245 8363
1094 188
2049 680
451 837
117 416
17443 7625
15283 1902
1739 644
1121 326
2600 890
1660 156
812 502
12304 9640
2736 274
4478 88
4211 487
11912 5740
1660 617
13654 2598
14343 9759
3793 707
3747 847
4246 594
4111 748
3886 500
2708 534
11277 3535
1986 814
157 494
322 271
3313 774
14747 2380
3594 865
11302 4005
4942 3
18511 7152
3498 332
19703 2653
3063 907
3389 897
17233 229
4287 392
606 106
4783 35
6168 2001
1327 394
14286 267
17809 8466
672 560
1954 466
13562 8603
18142 6209
4422 113
4550 490
3123 241
2233 768
16730 3405
10105 9758
4151 546
2890 663
4730 779
11679 6206
2519 516
3941 519
2930 30
18228 6151
64 815
197 128
4446 554
14116 8946
3269 325
619 504
14952 2777
19562 303
12019 104
2261 975
2281 306
1145 916
3582 886
3095 123
18395 6948
1885 733
19041 2530
2474 22
4292 962
825 361
459 891
12265 2401
946 772
4018 699
4970 82
2762 127
1818 808
13206 1814
2630 75
1507 130
367 286
2693 771
3066 668
1814 408
337 48
1855 149
13647 1688
2382 75
10005 5213
2882 468
10485 7674
10833 3624
2255 73
4847 926
4279 52
11376 5352
3178 610
3382 585
356 348
11761 3878
2965 280
585 221
4500 631
4637 511
829 611
3786 232
4949 566
3064 131
151 443
4083 563
4539 690
18375 2267
45 473
3289 3
16704 337
558 35
13923 9239
179 193
4696 803
2981 154
14412 5871
10762 7297
4322 60
17555 3166
16639 4647
19747 4857
14839 6121
4053 116
4135 534
1020 763
1643 909
2717 318
12098 7225
10025 4826
15512 5517
18756 5414
13795 9175
13272 3302
19278 3804
570 0
954 102
12535 9926
19971 3075
15955 8094
248 360
4434 72
12089 2329
1916 270
436 793
390 151
1217 71
2867 630
1284 964
2956 69
12811 7994
1953 740
1286 561
2663 670
3270 633
4575 80
1675 38
18211 6900
206 528
16495 7375
902 493
2550 89
2148 637
1645 571
965 116
2203 99
10736 3380
2219 940
1110 96
4966 932
16538 1873
12550 3829
11800 7930
15898 3924
13612 6823
3579 837
10247 6063
2271 692
2636 152
3911 376
2606 571
4586 351
2628 96
3272 910
823 654
15919 9999
17032 4388
2592 122
19227 4082
10562 1722
17076 9891
1315 637
2232 498
10902 8501
4599 370
2883 766
12766 843
3789 254
3461 182
15596 937
14179 1601
12023 9674
4568 419
15717 2209
19459 6002
233 550
13289 6230
11516 3803
4224 405
4265 187
2172 797
13526 7568
4992 566
3040 440
2729 405
2745 297
3292 655
4378 514
1821 254
11233 1575
2101 732
14504 4773
10791 7170
13697 5894
2684 9
2602 640
4186 250
19272 9807
18497 2212
4972 845
879 740
1250 68
13574 2835
4414 152
637 259
4268 483
11951 2021
12885 7844
16301 6401
1186 113
4045 492
800 132
1382 683
4933 539
15714 501
12033 2677
2558 896
3049 559
18239 2790
3045 551
930 850
3095 793
16770 1701
3325 35
1428 701
1894 856
10142 2641
16598 7895
3680 861
1386 186
14984 385
2448 428
1085 865
3015 416
12260 9006
4647 224
12524 2081
1043 678
17416 1292
1175 629
4717 611
1169 247
992 754
12088 7861
2923 937
203 71
2195 77
2414 359
11520 3513
4358 598
1181 51
2154 436
17041 6864
628 203
13553 3126
3377 877
16360 585
1237 739
1476 174
12585 4561
12252 1835
379 476
350 6
11029 5988
16813 7140
1503 51
3183 943
1382 765
3445 939
3373 303
762 855
2642 463
4092 803
3149 420
10839 9252
13998 5593
18826 3040
3649 334
19294 5504
1986 924
11357 3549
1121 775
10097 2731
563 268
4140 649
4669 420
12971 3536
2304 402
14758 2545
1213 881
2813 578
16116 3584
10030 8318
1039 98
2357 933
250 740
2790 608
1780 915
479 778
224 41
18100 8766
3998 566
3842 886
3199 756
4741 556
15366 6258
10511 8555
4323 506
18911 533
717 299
10607 7202
14432 1598
16437 9754
1656 306
4024 451
1713 234
19049 9199
18972 8722
13959 2823
3276 713
1811 774
1526 894
15505 2147
4079 192
2062 588
14380 1226
18751 9721
11725 7943
15263 8176
589 901
1344 680
4735 473
14254 9661
501 344
34 352
3316 187
524 460
17665 3567
3148 6
3223 841
16904 8815
1772 562
3466 351
2081 16
4645 74
12713 8904
1526 666
16645 8182
4622 997
2830 674
15697 8414
4921 107
1820 392
1469 301
18487 6201
1495 775
2089 629
3979 823
2084 316
4919 918
3722 632
3389 617
14698 8131
669 559
17765 4733
2399 658
11812 322
3367 926
3854 252
4773 556
2532 330
14181 5753
17800 7773
261 455
841 886
4587 868
2117 511
17530 6448
4461 360
411 778
4184 927
272 754
10545 8454
364 952
1442 953
14261 6786
18397 587
3191 806
11456 6690
2044 320
4746 925
714 421
3632 125
368 760
18839 8039
4696 157
3340 568
2861 764
4564 649
16929 1444
19023 4235
18679 4058
3815 193
16783 566
16556 6261
916 178
4455 761
3384 517
2950 688
3707 29
3589 687
17754 777
1472 699
2314 573
211 663
4853 791
3417 106
1381 866
11299 5723
4894 334
2559 48
18768 3654
14955 8523
3955 515
18115 3614
733 814
3329 300
3696 922
4032 329
4384 252
1694 69
17771 8990
1145 61
1730 178
958 831
19503 1592
4972 426
4173 499
649 427
342 842
3615 669
1605 301
3794 711
60 248
11857 9644
11592 4781
182 718
4841 426
10146 4210
121 93
3390 172
288 789
1339 288
19761 5222
3391 536
603 324
520 385
16963 4380
2571 368
12602 9097
19468 9255
12629 2808
13718 6695
15116 5676
1636 361
10342 5125
19881 1146
4740 957
2852 425
4483 659
732 37
1547 960
10727 8466
11431 133
2952 58
12887 3905
1970 339
15697 1730
62 652
18683 8559
4424 662
16485 5743
805 73
12742 5545
11421 4830
3878 62
14846 1938
14249 5898
3420 699
17803 6078
2300 871
10157 2856
2639 881
15200 2516
10856 6164
17297 100
416 74
1789 789
4324 553
19106 8815
1034 810
2769 2
1857 48
11391 7682
10173 7273
18523 6942
969 206
17489 6104
2662 78
2211 903
4015 290
3458 963
1373 48
2685 596
2000 35
4913 800
40 79
1846 556
2261 679
2375 893
4351 550
576 206
730 628
2349 564
2452 164
1024 139
15181 7542
763 827
860 355
2854 753
13334 9505
18412 7384
3011 136
933 616
17675 2510
3788 619
3414 679
16845 672
2751 509
4341 547
2234 620
15477 4620
18032 4971
1812 294
2718 890
13782 9997
796 529
15622 9634
3029 57
1315 574
3283 959
13356 9151
2586 65
2500 731
3231 211
4577 878
3661 428
12953 5393
3050 405
3581 873
1826 875
3440 591
10665 9083
4934 576
1178 29
1441 850
1538 494
19817 3666
2334 881
3271 838
4959 108
2803 554
4082 37
19472 5194
3409 311
811 150
1678 567
2263 684
148 258
1661 948
3201 393
15497 5164
3618 304
2409 421
13447 4044
14868 5761
154 481
2338 875
3542 768
1335 560
3677 180
15197 5623
1605 499
578 755
3660 854
17595 6322
4845 792
3357 678
2567 651
2196 195
1641 461
12272 1821
1104 377
11801 626
16978 3334
11151 8457
19020 2456
9 4
2474 128
12553 9926
3034 869
3415 692
3653 38
1907 692
16527 9943
43 817
3241 763
3785 796
2481 409
837 144
2714 828
18994 2952
3734 790
4355 189
784 141
655 405
878 820
2794 670
2238 625
4295 129
12774 9238
1907 109
4928 511
3643 255
1399 665
685 26
10571 7770
4963 438
4850 567
4765 13
4476 79
1457 790
2371 605
2734 82
1037 249
4739 10
17780 6905
19798 1721
2241 523
11768 8405
3365 966
1080 46
1692 909
3900 47
14041 8849
13308 93
2291 956
13452 1491
14630 278
15053 5496
3969 83
4367 166
1280 624
1097 424
2281 220
2266 786
4405 497
13117 8897
927 964
15959 3111
2649 186
2106 718
14822 1435
14586 6267
11 763
19758 2198
17186 8186
17677 8398
1115 738
3645 902
2274 578
2822 7
830 609
16978 8112
16243 3707
18493 2352
18892 622
3428 911
2048 549
275 904
3286 350
19697 728
1029 860
16170 9440
2343 130
3154 169
4942 3
4256 921
2859 438
3877 600
16463 3683
10459 9098
978 114
4110 381
2016 962
1864 963
12492 4896
3986 231
1343 922
587 790
18917 6482
1720 861
13755 2640
2598 258
19716 44
2017 300
4760 327
12933 2701
1892 713
4779 492
1004 689
2746 365
1167 226
3253 209
1020 256
10570 2855
19730 3158
19319 8021
14343 7852
16622 3342
16248 5678
17113 5437
4490 967
2949 595
4265 702
1917 296
574 309
946 379
11079 1739
547 408
71 980
4754 384
3326 21
3206 281
11501 2517
2395 362
2701 50
12291 2991
11106 6298
505 458
1229 782
18157 9651
10404 7433
1677 278
260 688
11495 6836
3136 96
1411 43
3725 873
17189 5239
18463 6745
706 475
2604 76
16321 3446
632 109
3302 325
18417 6520
2286 455
14933 8170
1106 659
2247 395
1299 42
1084 883
4896 988
3715 677
1434 300
11086 7914
3846 398
142 233
16740 6471
18294 5016
1248 121
16588 8393
600 462
12286 3143
1195 410
499 829
15551 3284
538 140
2411 670
2944 29
2518 671
1665 949
467 850
14014 2230
1212 217
2325 971
1021 80
14517 9601
1529 564
1569 651
4033 121
424 519
3072 817
12478 2982
15536 1803
2745 961
2789 323
17070 724
1172 12
1787 95
827 550
125 988
2446 626
3330 128
2029 481
10084 8268
14560 810
15459 8571
2495 908
16918 4213
18532 9985
4782 20
4704 470
4508 713
18109 8550
3240 992
18022 3376
15482 1202
11589 9132
3431 613
332 313
3862 980
4412 661
4416 715
10691 2131
11068 9083
16202 2914
1080 962
338 170
4351 733
56 860
3249 278
2712 257
13163 7751
19099 1183
10296 4238
1579 680
260 917
10003 5185
3799 961
4660 774
1851 502
3321 397
10173 9390
3913 437
18193 1823
990 499
4177 873
16484 1064
18007 1715
1398 966
18509 6594
3535 326
18414 6308
17148 561
3643 751
11981 5775
10142 8038
2144 920
2066 849
1306 344
18426 7320
1878 588
13161 9826
93 954
3487 432
2116 756
1033 400
10342 6819
371 874
19863 5410
2210 644
4745 1
622 181
3394 926
1248 446
16567 5724
15104 4817
4103 957
19125 1626
1940 0
3101 915
18475 8294
216 709
380 688
10100 1873
11107 2655
15323 5432
4555 615
3856 329
10740 9180
2561 383
18297 2325
10977 6173
2846 860
1442 158
2759 915
2149 681
2128 498
4851 451
428 711
445 95
13846 3366
2950 358
668 119
15721 7123
2657 78
1946 782
18967 8971
4404 365
3483 780
1962 959
606 631
3817 964
3191 185
19288 3402
4253 558
1565 694
4607 461
1624 473
12327 5197
12504 6504
18143 2219
3391 862
3168 898
1487 832
16126 1678
2338 52
4895 736
16150 1945
12406 5852
10036 8062
601 317
4924 199
3989 937
13767 6246
18249 9474
347 468
3843 479
10380 6419
4073 904
16956 1608
19045 4950
11364 6385
989 987
1908 521
310 494
146 552
17454 836
12305 5585
561 377
12952 5376
882 302
15284 6838
11152 2403
833 921
2461 542
2589 123
13215 8642
12171 2172
4782 773
1640 807
14956 978
19741 2210
12392 6594
3491 126
10278 406
509 864
1937 723
4547 710
14521 8045
18835 6773
209 981
13171 4268
1699 183
4027 11
4831 69
2672 774
431 648
1436 751
1612 178
4890 486
13926 3093
3219 165
2748 474
14688 6766
1747 858
4383 421
19269 6194
694 505
19374 3502
1651 131
10390 7681
15509 7026
17059 8454
17416 6006
19744 854
4451 54
12050 136
13279 3326
993 151
755 202
10868 6366
17641 472
3726 858
10878 3119
10846 8512
13903 7979
4312 440
17842 3879
916 839
4621 533
1384 397
1217 254
17413 6601
13990 6090
2712 872
2915 775
4303 802
4954 57
1257 205
1542 784
3071 620
1767 658
10012 4048
18216 1190
112 54
18118 303
11449 695
19190 9535
1600 29
3047 131
3892 398
18499 115
15992 3120
11308 1306
10707 3023
1191 69
1695 968
563 952
13286 4562
1795 897
936 98
2163 962
2603 248
2824 695
3734 254
704 517
4621 644
1673 69
1785 287
3452 31
3445 493
3965 19
16116 5296
1680 646
2653 73
3217 418
18478 139
94 317
2316 874
2239 431
1277 340
785 415
3810 598
3453 422
1837 298
12136 8237
11430 9199
11554 7931
4459 379
1439 970
13016 4813
10192 5553
1789 256
4408 169
3790 453
15301 8240
17653 1330
3374 0
12140 5938
1735 192
4730 655
1290 367
711 125
4358 945
4399 299
4011 130
16181 2845
4130 328
3454 96
1150 545
13023 9039
3520 106
4461 538
2285 107
18010 1395
4164 199
4376 834
2798 289
2281 754
3176 945
4558 8
4877 913
10019 2896
2799 265
13158 6736
4506 150
271 545
10106 4951
11549 2706
3774 990
4864 979
3961 548
14730 6947
4540 645
16823 1180
18165 69
1031 574
2696 463
2470 177
1815 845
2634 378
1343 368
439 563
17444 6566
14320 3615
13244 4573
3231 396
1610 292
3077 734
11262 8570
19810 372
13819 7796
13489 5106
3684 932
3426 877
12612 9925
12357 644
4079 932
876 327
148 352
3307 441
3346 95
3596 188
631 231
3305 399
2299 416
10320 6498
1730 660
1763 443
2134 269
14644 5362
4402 742
12281 70
14022 2489
1042 330
1879 466
2415 448
2078 886
16280 5410
19786 6119
12113 4330
15656 5338
1946 265
19637 3851
3413 75
18337 231
4103 853
1274 296
3933 937
3349 450
2755 728
3579 482
17540 5531
13833 6612
17553 5399
2589 67
14431 635
163 352
4918 138
15398 5754
4897 91
4878 175
65 72
2382 182
2086 505
18702 6279
19187 3950
3813 536
4138 713
777 660
1010 490
1057 90
2760 827
3281 452
826 563
990 730
2107 25
2110 856
109 565
3517 296
18818 932
1424 167
13530 6342
895 715
18531 6273
2850 338
478 74
18495 4555
3969 948
3737 361
3515 293
4180 490
10886 4043
13407 134
4480 953
18149 3816
4554 219
17925 6548
2665 379
2925 696
4689 866
3564 505
16673 1826
2082 544
14241 4931
18770 6374
1641 532
4255 582
2661 260
2550 341
2586 637
14329 2742
266 423
10735 7340
4424 163
1254 937
3979 936
587 495
954 488
3797 41
1534 213
2554 996
1381 544
14214 4722
3040 210
272 517
4047 897
1202 492
4872 946
2798 228
2817 137
59 998
1719 725
17345 8838
15163 2821
1616 351
1839 823
2476 592
4134 370
54 578
3847 476
1478 392
2454 257
395 580
1945 55
1660 0
4969 287
11707 1201
3884 361
4534 70
4105 113
10832 9905
2134 878
1229 370
2160 925
13367 2303
12986 3418
13176 4841
1166 976
3119 891
10010 2284
333 227
4179 571
1701 953
3047 395
1102 618
1074 708
18597 918
4463 560
3120 839
608 32
11059 8455
3348 391
1556 527
12474 7966
1978 269
11698 6064
4686 475
4996 648
18956 8338
14584 6753
140 553
12221 7523
4155 990
1128 160
17434 8649
19021 2759
15826 3458
15407 9160
71 235
15033 365
975 436
4299 314
13596 5139
12796 8072
2636 510
3749 707
19443 3204
2573 304
2601 410
512 244
4424 474
15841 8536
1743 695
2100 172
953 469
2640 587
62 974
250 250
4091 253
2291 73
13778 8515
14106 3592
4977 272
4580 653
4905 123
533 352
14591 1814
16780 8207
18970 5807
4460 159
3295 524
14494 6772
1666 360
513 937
4970 652
1041 851
2441 378
4262 406
3655 873
3069 620
4220 510
12908 4414
11962 3000
14068 7707
15140 9453
17785 647
1098 22
6952 527
18785 7760
777 953
4905 36
15942 6091
2103 188
4435 644
17328 4807
15067 4429
12410 6363
2004 353
16057 1060
4125 376
2888 879
3554 509
13043 6257
2473 94
13188 1703
1493 815
516 302
69 161
2562 213
19853 6950
3026 301
19136 7195
14268 6774
1788 993
15617 500
12326 4130
1092 987
2379 884
2016 201
4078 211
1945 741
2640 176
36 484
10492 242
52 892
2182 437
1593 874
701 364
69 388
253 599
4498 448
4058 621
2268 577
4062 463
11567 6708
2281 791
4149 192
478 239
1726 10
2029 165
4458 158
1373 833
3073 891
3622 336
146 842
3788 454
1779 565
12191 8142
2973 143
4047 18
14679 2405
2230 787
3718 182
4110 931
14523 1303
4256 842
446 388
1230 222
2189 157
1184 954
4452 247
13979 6514
163 686
18203 8745
19002 6378
4215 837
2925 534
197 16
13061 4742
3631 220
678 672
3331 235
2274 677
15647 7260
1692 109
1744 511
2241 682
1687 984
14613 7719
41 724
1591 148
15853 3333
2981 345
10118 5002
14177 4011
3717 211
19903 2081
18336 7398
3986 410
10872 7034
4760 269
16781 9077
13772 6961
1051 353
939 985
4020 269
2749 455
4066 533
18338 799
4682 892
14138 5523
3236 47
1388 88
2656 8
1127 370
2701 321
4176 949
12992 8031
3161 411
3277 463
19680 120
1620 224
2613 584
10609 7323
12371 2656
2309 858
3999 413
16320 9994
1642 267
31 671
1305 707
3396 812
1414 382
12557 1815
11438 6177
18398 3277
11165 4751
4425 497
4930 177
2850 355
4645 479
382 105
1590 637
19174 9971
3735 965
3559 27
14442 7005
15462 288
2867 611
1689 987
541 464
13393 4358
1630 454
4532 200
568 413
12745 4797
1411 675
11834 3880
11241 4930
334 528
12938 6160
15480 8679
3291 431
14593 9163
2964 710
17639 7596
19181 4383
325 654
706 683
11861 5585
504 329
4448 309
4434 108
12386 5709
2395 543
125 501
11861 8510
1872 557
12701 2627
415 975
10929 5575
3065 325
11843 3625
3313 38
1325 100
4271 465
2112 231
1280 66
10386 6855
3098 685
1986 291
16869 3975
4049 251
4471 400
4980 605
3283 462
1867 449
15323 1508
17137 4481
2560 929
4355 716
17702 2727
4531 662
1743 184
264 793
4064 444
9 603
1907 741
17924 165
16665 7484
4350 260
2303 14
803 828
4681 447
2502 924
2397 794
12290 9223
4526 593
310 280
11478 5224
10228 5383
16 614
777 896
108 521
12309 8946
4081 627
314 111
4855 670
2413 115
15134 3945
10614 773
11636 6163
15936 1117
1674 477
17147 8496
13990 4241
10751 6487
12445 1140
11152 8469
1731 740
3104 290
2966 377
1701 414
3705 162
2794 971
3723 91
631 352
2356 698
3637 957
11466 3671
1576 737
638 710
3000 605
1354 461
512 635
2828 649
13580 227
17165 7010
126 459
14254 2305
4601 216
10435 4941
18372 6313
11490 2708
17203 3685
16215 9218
10958 5570
982 881
16278 269
4990 359
3728 71
101 547
1788 571
2142 300
3228 736
1349 355
495 748
3306 824
244 440
170 504
1080 222
1457 758
1217 472
11494 4687
15205 1235
3227 651
2778 606
1314 696
12054 6465
761 136
2004 810
572 922
4546 297
10779 5237
18798 1739
10024 4260
4274 724
13203 1238
1409 479
3799 842
3277 62
701 706
3148 447
1755 569
2092 529
15606 2299
542 345
2997 645
15219 9051
36 112
1352 667
1741 454
19656 8228
12698 7103
15770 5735
17947 8167
705 704
17436 5299
2785 522
18928 1021
19771 4565
4158 903
1392 226
1415 209
3392 599
3873 293
10000 9348
3334 12
1345 530
18904 832
14873 6249
427 594
1310 683
2147 839
120 129
2565 582
14766 5844
14759 4706
1460 834
13510 363
2701 626
13275 2836
19973 3892
294 874
3081 368
3071 545
142 812
10584 9405
508 393
16255 4562
4495 337
3227 457
2144 555
10405 5344
4384 853
4295 709
17354 9199
18139 8578
4004 690
2176 479
4146 291
17978 1619
16682 1291
1351 483
17527 6136
1794 383
258 291
3629 783
3119 976
17123 2040
1414 125
12708 5217
2900 694
4201 570
2797 556
3655 280
960 135
4377 908
4780 545
4595 750
14722 4284
10821 218
2610 261
11874 2126
14275 2598
10796 9522
16297 3695
1576 456
11283 5583
386 422
18345 5823
11950 2161
4732 6
3611 512
4707 940
55 355
2663 757
217 663
11057 6292
3885 427
4570 882
10853 9470
3254 299
1935 773
2872 960
4644 916
1082 71
3028 389
2062 867
18368 6778
10705 5452
13703 5127
17773 7707
19382 228
4627 295
2195 128
1910 824
10100 2983
4998 357
13102 8075
2143 55
2343 87
1138 428
10709 8270
12769 6909
19391 6259
4799 89
542 994
68 594
2278 150
14669 6422
358 219
11229 9280
2944 15
16467 5477
547 746
1490 626
10764 3745
16776 6269
19775 4417
1393 829
2509 572
3926 724
835 979
3771 353
1987 706
1821 373
269 636
3579 72
17289 3836
12471 5386
141 983
713 963
2616 721
859 533
1664 953
16201 8485
212 562
4309 607
4204 37
4232 401
1319 47
187 583
4120 854
3625 699
1123 628
17325 996
2205 707
652 599
13110 8932
3395 790
12741 2831
13799 6272
543 40
17658 7374
1775 278
11558 3948
2805 752
318 88
2073 952
19900 7949
3116 384
1546 223
4690 226
3753 711
1513 920
10715 3838
11828 9752
3357 181
3820 461
4427 990
3728 482
13619 7957
17447 8816
2333 901
793 527
1240 329
1296 939
4573 878
2684 877
12125 8652
3941 457
553 624
18838 4483
4737 636
4227 168
480 652
4534 807
2735 556
19199 2438
1530 644
4281 193
1804 566
11823 3353
16516 7127
2580 371
2741 36
18476 4830
12436 1780
19814 1861
10560 6390
1264 45
15043 8553
19297 9022
19556 3638
18373 478
2937 801
66 131
11948 9201
3653 691
4910 294
206 835
4522 3
4692 571
343 870
15736 726
2929 768
15216 805
4760 221
883 808
1830 244
1186 619
2653 212
2146 240
11170 6139
1022 833
11829 9942
17346 743
1351 39
13275 7020
4115 632
3501 201
13722 4311
2287 814
16553 3239
50 113
3612 352
13183 744
2298 487
656 299
15239 9708
2974 817
17884 3833
3301 488
452 61
321 324
1402 39
18002 5562
1916 853
3193 563
1562 706
3433 332
605 164
16651 7890
2225 441
1311 801
15248 2236
4759 989
4473 979
381 246
624 288
3573 401
4355 445
16352 521
1697 992
2777 398
10079 5319
4024 618
17453 2095
2004 641
2509 286
12463 6325
1959 418
2113 936
13107 40
4387 444
667 126
1517 802
2884 125
3563 545
175 315
146 889
13081 2901
120 680
16781 4263
19103 198
1393 47
3120 884
17682 8145
589 776
3270 416
4816 945
1730 397
3824 715
4385 335
10652 7936
1183 634
4265 400
2854 900
11807 2267
1649 878
12516 8737
3470 461
10999 3748
868 278
87 733
1908 212
2842 968
3314 7
3150 47
2922 993
1326 152
992 29
13641 2048
4307 47
16518 2841
4650 864
1473 581
1303 843
4613 436
3349 41
3693 954
16699 7772
2550 995
12019 797
3363 694
1986 679
450 599
103 926
2655 318
2226 223
16584 6820
3842 664
1519 277
3126 206
13426 7159
3613 152
1918 343
765 744
4576 525
1846 773
14020 8327
4745 325
286 652
18111 61
3914 409
12471 4845
12503 2194
3872 759
18720 2395
12263 1822
3340 30
2932 181
19900 9704
242 211
4645 872
2629 769
1848 118
1068 121
14388 7195
19118 4480
10667 2199
711 775
2758 746
3317 910
3154 23
11649 5319
1551 754
15596 807
18177 4916
3510 636
3317 838
15127 9509
2771 270
4309 764
4199 561
12438 2431
3857 572
864 767
1636 343
16194 8140
4444 620
1925 582
799 641
4342 269
19699 1813
2847 548
87 607
3579 820
4271 550
12443 974
3458 757
3306 57
1788 485
2160 838
2324 249
13793 5763
4904 54
4598 309
4042 238
1936 723
1611 651
316 10
17939 9882
2061 423
14868 6668
4010 192
2058 835
1799 244
16528 757
4960 305
4985 798
18976 5431
3807 57
11651 1859
15272 3569
608 484
12649 2726
4457 110
1575 914
19698 1663
2171 473
772 714
16291 9412
11967 7933
186 938
3476 675
3217 246
4840 672
3195 981
1878 598
16975 6711
3597 181
3153 670
3487 390
18417 7457
18621 9067
11787 3263
1331 336
2949 248
1462 754
217 711
4840 185
636 327
4216 401
945 627
3936 58
17581 9526
2739 636
1753 937
878 798
3785 946
2178 283
3511 259
19417 5480
3337 904
12916 5452
3345 511
1515 47
4119 312
1694 618
2206 823
17777 9674
12471 5195
234 890
11556 86
3521 306
14077 3753
16536 3064
3774 51
16113 8427
3704 964
4499 96
1040 658
2652 450
14752 6871
4694 85
3378 303
4115 778
4732 170
390 655
2300 501
17666 5391
10657 1145
1819 774
1365 698
18068 2536
2761 536
4902 931
572 276
949 362
16854 1105
462 216
2144 347
16136 6747
913 198
11668 3954
3852 767
0 944
18434 192
3757 824
1364 956
10056 6367
16216 2960
4914 267
10494 8220
451 405
2828 68
11763 3487
18980 5404
2875 392
3967 510
4612 974
225 992
19360 2383
14949 6346
17754 4295
2038 461
11210 6460
3319 385
2038 427
20 743
2346 343
14045 4973
4076 974
842 501
4066 98
4498 634
2009 599
3398 782
570 467
622 153
2764 841
603 608
777 934
12061 4600
312 623
3498 931
1436 65
4031 6
4224 394
14962 3951
2029 178
2632 711
516 204
2122 829
19376 7816
1364 31
1580 921
19063 5032
11548 1114
3842 695
16152 7021
16613 3040
4708 787
3140 206
2157 723
10923 6611
1630 986
11674 3441
4860 668
3931 5
4765 584
10464 5354
4072 775
1337 667
3771 380
805 750
818 525
4104 258
14669 5228
10243 4835
175 655
14589 9963
121 897
4769 755
2344 148
2214 283
18362 8336
742 104
2295 446
11441 6453
569 245
17735 2539
3542 18
1951 825
715 127
19043 8128
17100 1930
19672 2353
4835 925
3096 17
11420 9950
393 959
4591 442
13564 7897
19445 2763
1655 440
12278 7505
18081 3502
12767 6650
2558 486
2217 957
1823 989
11697 4876
4137 969
1123 294
18556 1990
4617 466
3355 892
11684 8220
10696 3283
12992 597
4274 912
2983 304
2287 673
17798 7983
15360 2853
1190 413
16793 7822
19006 3088
1724 882
3722 178
11768 7654
1923 407
1209 250
2450 731
735 541
3775 879
4892 643
17332 393
278 488
2081 289
18752 8191
2262 593
3538 925
3856 203
4276 435
18774 6995
4373 763
14267 2443
657 370
4210 355
1545 276
14836 7739
644 376
4162 682
533 380
1156 988
18386 9596
819 392
123 223
1038 649
11794 2530
15823 8390
2656 690
10928 4634
3486 213
2257 86
2780 472
4109 921
10841 9595
3760 253
15021 5614
135 736
4692 1
3688 637
15119 8996
94 254
10148 2550
17970 6697
13272 2834
11289 1346
1186 778
11452 3437
14343 6944
1514 607
2173 386
3057 986
12754 4768
549 29
1553 88
12538 2436
4624 453
1738 808
1529 988
559 656
4390 362
2129 135
10009 7348
18943 1
11361 5882
11646 5504
17507 6721
15350 6536
19019 3438
3715 400
3281 322
1464 211
1356 835
1158 966
472 435
2877 863
19427 5685
14657 3408
1356 214
2434 148
4452 437
2032 542
576 814
14509 9419
15794 1313
1498 336
4672 299
3435 988
910 711
4864 825
3304 843
52 276
14963 837
3734 751
3319 949
13596 1361
1092 539
14680 4959
2693 807
1100 940
4477 398
1116 894
209 992
3479 799
4471 192
17511 8984
10162 6257
2849 357
518 675
15291 6402
18528 3432
4998 394
3053 941
19219 5686
10353 8103
14099 2912
2182 390
1748 971
51 326
1825 310
10895 6947
4459 48
798 613
439 987
4750 980
10233 8522
4842 309
17012 3851
14554 5699
2 530
16795 7592
4049 299
1558 422
19963 3278
4065 334
15510 9446
4663 342
2850 92
2259 975
14532 2802
273 777
2580 656
624 379
4570 15
19352 7787
2313 45
17814 6940
3954 317
13867 9243
207 58
4683 534
19767 4266
3370 357
3477 518
3947 669
1313 295
16767 1618
543 806
1950 947
19717 2270
13755 7797
10008 7393
13273 3365
1509 567
4749 290
2167 342
914 972
1352 79
12871 5680
1492 642
477 237
4536 461
3855 682
14647 9460
13840 6897
16597 8200
15941 5684
4774 941
555 67
11891 7029
4957 971
596 562
220 171
16268 8684
11917 4726
14383 3371
1718 563
807 332
12160 7213
2397 836
360 456
3518 774
3157 842
1371 583
1245 554
1983 945
16243 1921
986 665
11566 3501
14653 1264
14275 4442
3999 624
2080 586
404 901
2613 408
2519 424
14786 2643
1113 291
1933 290
462 915
15444 994
15300 859
4520 811
125 783
14191 131
3844 615
3407 959
454 295
97 324
16609 4223
17732 7278
13994 417
3453 536
16389 9914
3220 436
11810 4391
3605 289
4197 103
1519 763
2819 853
993 141
4322 878
474 109
954 958
18940 9657
4858 674
995 267
13337 116
10618 3069
3969 426
10540 519
2364 684
14870 9440
425 334
1639 249
12667 6716
3484 785
2871 143
3786 354
2497 899
19086 9547
3619 980
1932 420
260 417
19867 519
4975 895
1791 1251
12553 8436
2952 193
1261 751
2232 108
3566 399
3931 162
3996 264
3440 675
4808 251
4998 710
3621 609
13886 3200
16192 2946
18877 8087
13284 5050
10483 3863
943 418
2939 322
2933 928
2247 237
12514 9708
54 636
4282 662
18647 147
15049 2966
2522 904
3775 947
18568 2981
13364 9339
4278 105
2434 806
1540 579
2172 158
14155 6356
16268 8620
14870 764
1394 11
689 41
1575 183
4196 435
622 147
2613 912
902 505
4096 614
10914 3173
14712 2169
3148 919
17107 4503
2321 291
4023 606
3122 151
898 167
266 228
4011 315
756 831
13683 8691
99 985
112 364
16287 2327
2539 556
12173 4751
2403 929
13584 6393
4481 659
3279 370
11315 1396
4927 240
2740 544
17231 4184
16653 9530
10614 2683
3094 9
4188 706
4699 608
18990 1536
863 580
3954 538
17659 5384
19619 2048
1219 794
2491 390
18277 574
19818 9360
2208 159
4034 696
3120 939
4104 385
3746 409
1558 489
15153 7713
747 177
3759 493
2994 596
15274 3280
3185 691
19649 4036
19158 9264
4977 995
16031 9335
19969 6963
3490 439
108 110
2469 488
16790 4543
1275 227
210 634
4420 215
337 953
13138 6377
19657 8093
2098 642
1450 858
4078 459
17157 593
15298 883
12938 8392
4388 747
281 635
2692 670
4386 554
540 723
2853 625
17899 3971
3499 358
10117 2142
2279 886
14207 3082
4372 992
156 285
4718 834
3566 275
4191 989
1009 927
12020 7678
2718 243
11535 4414
2357 745
4980 625
3166 588
2351 573
3641 877
4545 823
10058 8635
13418 3242
1740 19
2584 975
2075 46
476 331
1094 526
1983 752
254 159
224 508
967 531
18484 4981
16530 3946
13487 9245
4341 145
3234 180
12765 5648
423 252
636 289
3539 132
16959 9598
1489 347
15092 634
4448 415
2877 350
1831 351
11947 587
1762 387
4240 459
2113 613
3185 463
224 444
1183 117
4988 666
1666 906
242 57
65 206
19189 7186
17613 3551
48 799
3576 452
1858 676
503 438
14156 1748
15262 7198
3727 292
16933 7629
349 241
10031 8511
3710 239
4920 980
10519 2470
18077 5885
3012 205
2250 537
218 618
150 949
2090 5
2942 11
810 163
19917 21
1546 7
18026 2592
2166 405
90 560
4255 351
153 722
725 303
72 690
2321 527
3069 651
17312 8256
17157 220
20 636
15858 2527
4979 48
3818 853
13041 2252
10105 8349
2860 161
1440 377
1618 96
377 87
632 817
15599 2991
2874 651
17141 2059
738 590
3377 489
2054 94
19282 4525
2968 597
3949 683
2354 780
10669 3955
4114 288
4292 131
1061 673
1806 661
3432 295
2270 966
191 688
1224 130
815 58
4205 276
145 584
1032 155
1226 288
19105 4653
16277 2468
10523 7058
2292 551
4075 183
3594 461
1470 549
18530 4526
14337 5672
4310 866
10391 8622
2273 149
2737 456
3842 243
468 796
17428 4690
3585 489
1134 701
39 340
894 513
2450 226
17181 9358
13347 7864
4318 163
4058 482
3570 453
3067 0
4941 669
875 813
3223 481
17054 6161
4325 245
19043 5113
4504 70
935 707
13465 7357
3742 232
2959 202
4846 125
4025 248
4006 24
13380 2205
15802 342
4023 384
2077 833
3433 89
18190 1836
13903 3191
3470 818
3261 810
905 875
3449 36
17517 4995
879 695
2344 900
17923 1484
14937 6466
15714 6533
16096 4474
3583 797
197 718
4948 117
3933 131
2051 455
2064 284
4513 648
3690 956
13377 2992
1450 752
3051 437
18600 3882
862 378
11971 6176
800 104
2353 742
3296 453
3960 876
2033 376
2758 733
393 168
656 823
12663 8452
2775 43
11069 46
4796 705
1887 851
34 310
4918 212
1299 241
4158 301
3350 24
2235 998
16056 1202
10092 4948
1708 571
12144 7063
4452 74
15498 8323
15776 204
18663 4835
3602 528
2327 73
1868 394
2281 313
1178 681
17390 7289
519 800
10929 7035
17656 1803
1958 970
2184 604
12259 2408
10454 5175
1557 728
16980 4573
16311 8983
2199 34
10739 1590
1181 195
917 121
3036 493
4786 849
3556 612
824 143
18627 5417
2965 134
13928 7221
11986 5789
11083 3841
3068 39
14148 2262
4811 394
3903 445
13516 119
15790 2319
4524 33
3630 381
19608 1421
13914 9846
14911 1954
2760 343
11061 4525
15326 7033
19262 875
924 284
4631 707
17659 2791
13005 9941
1272 500
14215 4303
2734 98
133 346
16339 370
11520 3212
3206 881
3812 397
1273 318
2185 309
2367 372
12454 1508
16153 9253
3936 653
462 803
4540 1
623 448
12030 4614
3898 544
3258 588
2725 797
464 173
656 919
858 603
12391 8732
505 902
16587 1336
2632 232
4207 313
4170 718
2833 502
4417 519
1372 991
11852 468
16434 8738
18238 1985
3320 396
17685 897
3253 655
2757 968
4634 610
185 769
11133 531
546 234
15764 5552
4864 318
14214 9869
2942 697
3808 763
3252 396
15671 8950
1752 543
17209 5578
4441 612
4526 203
17770 4487
4652 742
19622 641
16682 820
17146 960
2835 348
3864 65
459 1251
18039 1393
4697 661
15565 2289
3262 937
2143 426
1999 395
2874 383
14934 7699
4468 614
477 244
11839 3210
1634 308
16745 6419
1879 856
4238 828
1711 367
15327 2585
3682 367
1330 894
189 275
159 466
528 502
4092 904
14356 8803
3414 168
193 648
79 973
3449 74
2903 178
14071 8594
2333 89
1162 927
873 775
881 831
16336 734
237 570
11402 7068
3613 8
2064 645
2050 425
1158 921
1449 907
1623 681
3095 84
2830 837
11960 4184
17393 5096
1840 381
16882 8229
3029 371
18541 4245
2445 124
493 611
4445 765
18775 1701
14278 5403
10375 8570
3779 727
3037 857
3513 629
1624 938
2627 92
12486 3860
16345 8062
17727 1842
648 740
1373 829
1318 132
2133 143
3574 210
4798 376
17736 270
15752 713
11404 6228
1680 322
1022 182
832 770
16738 1749
4504 91
317 997
4958 313
4625 934
2741 603
2904 728
10359 7376
3886 36
18251 3191
3156 430
4636 777
16110 5980
1467 413
3145 916
4870 737
15680 7926
3904 939
4776 802
10391 5181
3059 261
4582 208
2870 88
4880 53
535 237
17418 5810
18231 3883
16941 2694
12880 1182
10489 5143
11137 7834
19921 7113
2446 265
4739 987
4881 639
3498 534
1072 469
4752 96
1257 111
437 410
17240 7537
12603 7121
1756 533
12562 4222
13878 2464
15672 2833
16952 6470
428 568
4293 929
1715 201
3303 804
4598 520
2573 551
4379 27
3181 920
2224 32
11610 1222
3964 724
3958 54
1655 759
2473 785
10884 9442
3680 962
12745 6636
4150 45
530 566
3464 676
4080 508
19780 8581
3442 972
2282 430
1836 674
4762 792
1981 876
1634 41
3464 51
4825 629
12604 6752
10217 7165
2177 360
3554 680
917 226
10467 8693
1575 121
870 900
10983 6095
788 64
1689 384
4586 609
3552 25
3779 897
17004 4604
10128 9955
3315 7
2804 783
1559 15
17801 5417
14403 6057
14342 4893
3152 466
3991 801
3838 908
1782 815
13922 9273
2505 659
13842 2021
10955 7238
18351 5824
15573 9923
801 372
18514 2189
4854 696
15935 5556
11242 6525
1176 25
4077 770
18438 3168
4478 742
18509 8937
2180 830
3097 298
3100 467
3560 856
1469 717
3965 675
299 24
16416 7101
3481 488
16241 3769
985 634
3997 696
420 725
19134 5293
3631 101
18469 7323
4835 602
4029 501
2903 267
2069 523
2870 411
17648 6204
1221 554
1216 864
4725 132
469 460
1284 919
1965 845
2831 820
2474 377
1994 619
11355 9071
3460 394
10096 7679
2154 53
3218 738
2205 65
1628 110
2344 824
541 512
2346 438
2931 295
13835 3987
1672 510
1121 882
945 511
4267 722
15309 3896
3690 682
4425 148
13057 2179
10252 5816
1288 1
2656 207
3749 222
17239 9396
2086 75
15076 2896
2186 277
17965 4509
18395 2978
12517 447
2860 339
19108 73
14012 9116
1101 544
11955 8087
2588 574
4796 746
2406 758
667 459
900 466
3930 207
12806 5448
12509 7505
1872 845
15131 1082
3259 46
552 569
10849 8493
1302 667
1490 769
10342 6883
10611 9743
19595 4632
2726 613
68 939
1870 125
17677 1009
15437 4508
293 963
12488 2980
1200 623
17030 4711
15362 5848
13840 8095
17576 1781
3342 518
13777 2445
2442 883
4709 0
2841 193
17308 2457
17404 2389
18818 7668
17219 8199
16331 1362
15024 8030
2814 452
4969 671
2436 684
19048 2673
308 676
3031 877
215 157
16684 8064
11529 1091
3619 971
4595 534
1289 913
1587 654
3467 36
17423 5821
17290 2218
3003 198
11611 9475
19194 2269
10838 4122
1287 479
16489 8576
1 997
2234 184
1025 795
18610 1830
2885 930
4209 684
13003 3243
905 620
10716 5728
835 333
3709 102
10200 1207
11683 5080
10254 5928
14713 1890
18016 6741
1357 488
1445 419
3318 223
800 431
3527 177
170 265
16187 6082
1783 777
1968 787
4871 362
2900 415
19546 3206
18285 9523
1098 31
12006 9690
2407 366
2448 210
1884 250
4949 152
17858 9890
1213 357
2740 123
3525 617
18055 3629
1049 862
19285 8922
3562 755
13851 254
19020 212
757 790
11216 3254
17741 8511
693 130
14114 9144
15008 8447
11861 3427
4239 506
14381 2263
1042 866
3083 43
1737 308
11789 3212
3518 788
13494 3991
1701 158
2343 876
15598 6490
1750 700
3069 298
921 420
18502 5223
4578 514
1681 928
17778 5956
213 596
14847 9257
19264 8117
16167 7871
11150 9090
17802 5800
3491 934
16645 3155
4093 600
18904 8657
1566 901
4702 59
15678 8382
2173 14
1105 625
4382 414
18801 7002
18821 6660
3045 871
1287 28
4458 367
2607 818
110 346
2778 600
485 924
2845 768
18704 9305
12642 6573
231 891
11128 946
13604 6589
2852 533
16991 9307
2391 275
16980 9715
17892 3713
15776 8028
3538 861
14406 4673
1309 917
3619 31
4602 40
4071 807
879 192
507 395
9915 45
13135 5060
3368 514
4483 241
19259 6880
1956 568
972 700
1001 139
2585 22
10084 664
2592 360
550 239
12276 325
3603 996
3685 73
4023 403
552 162
470 912
4387 684
4785 958
3622 27
4024 745
17971 6382
12219 20
1925 130
3631 634
2613 66
19371 7484
552 692
3877 974
11269 1253
18247 1882
11225 3114
16126 9982
11428 8749
3071 277
4697 720
3507 173
3685 684
1167 474
747 912
2228 743
18805 7187
17234 2933
3951 136
11101 4335
2480 7
449 882
13601 4104
2627 82
14273 2928
929 307
4235 960
667 291
3407 852
13377 1269
2926 146
1669 484
14494 3291
17142 6045
15552 5318
15186 9029
2830 673
12903 9379
13504 6854
16738 3441
3743 925
1380 281
3247 208
3564 141
1024 845
2359 821
267 322
12593 6198
3067 421
3994 831
1495 738
3698 382
19518 8513
408 239
3653 270
926 488
3006 44
3394 277
11966 5796
707 419
3047 703
3749 576
11160 1984
4291 328
3526 448
4190 129
1758 784
2849 214
2635 609
18661 6580
825 547
16441 8616
141 149
3168 131
3909 72
2485 991
10958 721
4566 245
12555 3652
10652 8473
13542 2561
1715 985
1714 15
2082 772
1053 895
18882 9164
4136 7
2434 236
15326 2691
19190 52
4250 72
19949 5148
4 640
3728 160
2738 772
4847 64
914 726
1822 152
2287 697
3292 152
4563 376
3031 596
4721 128
3936 210
1817 160
3049 183
12264 8849
4715 617
4647 583
3630 385
1480 222
12632 3991
13711 685
2330 106
4991 82
3773 789
752 609
2799 337
1345 420
603 722
1720 581
2477 781
4656 669
1675 188
3718 423
16971 4586
18440 2678
1170 302
13179 3430
3014 595
2586 141
1742 312
12111 8134
12036 7466
14351 6704
4277 344
716 57
4786 857
18570 7933
1989 823
2951 567
1771 263
4635 987
483 49
17803 5666
17372 8211
12471 8495
1943 12
4441 681
1347 253
446 933
2094 513
2191 356
2089 592
2142 943
2681 815
2028 320
1138 269
526 565
2379 513
1918 457
10453 79
15742 2585
10004 3250
4374 236
18652 2445
2512 345
4749 443
12647 8286
633 328
3581 747
3352 746
4384 29
3867 322
18921 912
10915 3510
2631 55
11 573
16992 5415
385 578
2183 969
985 946
4251 432
4030 291
3815 958
11430 6062
2829 294
15489 4951
19813 3879
136 241
4982 804
4551 113
4252 554
541 301
10380 519
3840 822
3560 568
15760 4011
10039 6997
950 827
12744 6862
2700 896
355 278
3389 278
18007 6236
19674 2099
14001 4719
2743 642
17240 643
10420 6807
2267 16
10261 4235
279 163
14435 9572
3165 427
3948 670
14293 4065
16245 5069
18042 3265
11512 5557
500 343
3992 58
18707 3923
3422 89
2489 541
2243 738
4107 303
18147 5711
4846 125
18733 2094
4120 863
2361 691
2850 186
278 389
3995 327
422 152
17859 8846
1687 625
1871 799
1140 205
2423 125
3924 242
3877 467
4256 787
11940 853
797 427
3563 700
10537 6813
225 824
1746 381
4434 207
170 146
394 239
1743 761
4260 163
4357 665
1819 421
2894 478
19957 3538
16578 3719
16743 1266
19379 6860
16705 8896
10660 9536
13842 892
18225 8147
4696 963
4968 652
2290 52
13966 9570
15832 6418
489 614
2252 350
994 765
3415 270
2162 562
12013 3483
361 150
4728 930
17975 394
685 937
1989 810
18959 8726
3506 171
4795 448
19341 5354
14117 3144
2734 104
18976 6613
3173 539
12780 165
11748 7556
139 781
2667 843
3692 854
547 66
12312 5486
16843 7308
1460 858
684 610
15583 3528
1774 554
13751 5787
2747 611
1706 875
3026 790
1554 321
1611 887
4325 634
2113 510
4164 450
16852 5825
433 719
16860 6150
2158 408
3364 148
3675 80
2625 587
12055 5642
2502 627
220 229
534 807
14044 130
1262 669
4485 451
3267 151
11429 8418
208 247
16524 7248
2887 217
4613 176
364 442
373 519
1104 530
2574 411
3465 951
2764 422
2995 197
584 630
4534 799
11069 2402
422 895
16137 2819
647 223
3485 196
3693 57
46 126
10559 5513
1611 836
95 763
16066 2351
3373 913
1007 100
1948 303
4431 818
69 339
12140 4242
1752 228
856 407
565 300
4237 763
4744 923
1549 373
4344 46
257 915
12182 9111
12441 3871
16449 4397
13473 589
14465 8946
1520 577
4025 561
3299 737
2170 436
1318 758
19647 6533
465 327
2019 131
16436 1708
14364 1230
12325 9289
1802 261
15938 5593
4005 816
15010 2822
11875 1501
3490 71
2459 595
3195 755
13871 9103
53 227
2413 383
11902 1887
96 389
17634 5183
956 315
3017 447
12134 1705
12303 8385
241 901
14112 8687
4831 546
4736 276
983 101
3124 917
3477 126
16036 1476
3987 394
4070 584
1002 94
392 688
3607 347
18724 7455
2948 740
1513 524
4319 93
13830 9358
16686 1518
2419 911
4257 151
18133 3852
12357 11
15571 649
4041 472
3716 254
4460 529
1577 362
2648 76
1661 558
13448 9213
2810 2
622 314
1886 92
657 23
4334 616
15359 33
16785 170
3390 177
4264 10
179 334
4520 684
18282 4629
10519 6794
19410 8258
11772 2650
503 200
4007 383
1231 786
14047 2181
12535 5569
16006 9882
4045 712
18463 6299
3490 294
3448 842
1443 422
3906 959
4574 19
2219 950
3548 315
1924 149
1639 176
12330 4609
2422 930
935 873
1784 50
2737 812
16773 1766
15006 1577
3998 130
2875 144
13654 8535
3061 673
999 653
2062 425
3160 991
13798 5745
1764 98
4834 787
3709 622
13384 137
4416 82
19051 8882
2679 429
630 497
3974 326
617 80
14704 1564
11606 5313
2905 493
10484 3662
12258 5411
19030 5204
16279 7296
1190 399
2870 509
3108 882
10044 8577
4235 110
10990 4963
3063 454
15735 8608
13858 5562
3514 214
12068 3062
10330 8355
4577 805
1624 134
17345 8241
3476 132
11918 5055
19719 2604
11 905
460 291
17216 7976
3919 149
10652 8437
12805 3927
1712 66
3521 303
3639 555
2020 680
276 870
655 668
15701 731
14736 5724
3107 353
18119 4255
15338 1457
3857 384
103 208
671 801
15180 6474
11449 7257
18845 3415
130 928
627 830
1761 348
16136 6517
2907 846
2731 246
4151 176
4695 677
19696 8289
4988 674
4602 768
2339 329
975 480
16886 7615
2508 892
15312 4274
2701 235
626 266
2630 775
4620 484
3820 628
15291 3201
12616 3832
322 297
4056 334
98 677
15811 2239
10067 3730
12631 1556
4912 638
2315 814
10208 3145
152 250
4187 830
3933 404
3546 949
2921 884
2855 916
4599 632
2438 920
16569 5005
3517 887
3905 102
2060 887
3709 475
3280 178
683 400
4426 667
11017 4890
15497 9682
3817 908
14979 8817
93 524
4152 2
1864 887
19907 3155
646 770
4088 788
15298 4324
4514 152
10399 9742
16948 7709
2194 107
2436 86
14678 7647
15969 7838
2337 10
1740 663
18243 4850
326 232
97 704
14203 5176
1389 396
4730 469
3015 756
16914 7247
407 751
19315 3796
12701 8561
4748 864
682 905
3772 694
2443 92
1606 734
12677 9967
2980 975
4583 205
12986 3123
842 304
4423 949
1139 546
12982 9471
35 30
3728 222
1887 393
14754 9762
12412 7889
16166 8200
3073 612
3486 828
3020 119
1444 543
1828 830
1756 775
553 92
1527 915
1488 532
4510 716
4480 66
2300 246
910 507
19793 6872
4863 173
12304 5192
789 758
10868 1007
2926 658
932 603
2104 693
17502 7796
3520 714
18262 4380
12350 2447
2439 866
4155 714
12469 7661
2193 309
18900 5936
4359 466
1156 89
2320 346
1075 734
2970 412
1663 52
4250 295
526 972
2973 538
2217 494
2780 217
16512 2894
473 673
13008 2884
19458 5880
361 747
2274 34
287 238
16632 2107
3786 652
3166 912
3494 227
2241 801
1571 971
15215 2954
12998 7806
1418 404
11001 9562
1856 805
11249 2657
11743 5145
17907 8091
15295 7165
14152 7637
1245 463
3722 437
1234 681
3153 432
3770 896
647 395
3155 952
10636 459
1284 83
1686 401
2251 373
1904 507
4236 983
3194 619
2184 988
4774 222
18968 8250
1841 34
4027 463
733 459
13176 5594
4685 103
1985 750
4093 690
17055 3782
2650 230
3756 427
4625 927
16915 1769
2327 155
13096 2876
2618 772
3212 941
4884 149
4579 119
19566 422
697 404
11520 2806
4646 868
15866 4002
18044 8147
2186 123
188 27
2 918
2989 260
1702 63
4661 648
3806 603
1388 519
2703 927
4883 515
11936 4655
1300 539
165 795
2472 690
13963 7078
3041 732
3510 39
18423 6913
19793 5953
1554 933
4361 326
447 580
2826 812
17028 7522
3622 528
2101 925
3231 264
2701 63
1240 500
3318 950
19569 3011
14811 8540
89 33
10113 5023
12491 611
887 784
16019 9896
3428 20
1794 627
3904 814
10098 9735
1114 511
11174 935
15733 9043
13940 5423
4043 887
3431 306
3949 138
1291 495
12 370
16428 1380
17089 4688
1751 156
3620 417
1512 577
606 5
12394 6213
1573 169
1517 142
11512 8367
15177 7117
16378 1671
667 200
17825 9490
19648 8726
10042 215
15080 6925
17581 9610
538 784
4768 804
14920 7553
14814 5370
1029 302
2850 551
17258 9450
2550 864
17764 9952
16611 8316
19975 6236
18694 9105
3710 487
1921 465
14930 5487
1003 488
2041 11
4721 32
3011 641
1612 679
2572 848
1234 28
11337 5818
3265 709
4895 360
89 659
10696 4622
41 269
10918 5418
1925 715
1370 755
2297 413
4585 620
13913 791
2483 435
10408 9796
562 201
2101 498
54 141
195 765
381 14
267 673
2020 687
1983 826
4505 568
2774 387
4545 146
314 140
16462 2862
17451 4351
361 479
4326 756
2803 712
3582 96
2378 589
4918 604
19932 2063
18684 3213
19413 6792
258 38
12287 7951
3136 579
395 712
17886 1286
17890 6799
945 119
2939 573
3685 760
3548 752
521 685
12081 3276
1754 169
3669 505
18653 6884
14117 7891
3685 921
3876 919
1121 313
19058 3129
4911 260
17203 603
4166 158
19420 4258
11863 5342
14611 7170
4740 161
3885 120
790 500
15788 5091
4725 21
15782 1385
10161 4979
1334 536
19520 6888
665 102
14165 7138
177 198
4591 802
1280 751
551 844
3459 392
19232 4163
1440 674
596 692
2536 143
17396 2430
2345 793
2385 523
1201 240
2180 434
2867 156
3984 551
3181 925
18133 2832
3032 731
3617 849
2512 228
4191 45
2321 747
14527 8617
243 60
4503 673
3803 73
2261 985
2586 579
3002 528
2084 460
4084 876
4022 874
14393 7833
4287 327
3038 436
143 137
3861 24
4293 823
10161 8116
2292 148
18298 3356
14162 5275
567 237
19914 5976
15138 3557
16282 5670
375 618
4501 818
3250 560
3275 90
892 343
12502 3887
12956 5874
2660 385
2213 809
4741 840
2576 723
10622 352
579 244
2365 926
4239 322
621 976
4107 54
16079 9930
19529 5866
10734 5025
211 818
4220 245
4747 168
19436 7675
3657 628
557 308
18809 5708
15243 3028
13393 363
771 895
1095 66
11174 7308
626 693
261 502
1566 17
3240 495
2438 859
4362 706
13208 3693
14228 8106
13850 1652
867 977
4079 142
3303 686
14616 3966
910 6
1463 941
14275 7883
1068 524
14787 1986
3157 592
3607 873
1417 907
3592 335
2469 270
1123 797
17613 2386
2132 756
19928 4591
3754 643
3942 154
16580 3955
11739 2315
18295 8954
1418 1
11918 2092
10398 3467
2389 603
10946 2940
75 991
2211 191
226 521
11585 4701
588 931
2692 988
3077 66
17539 6906
4375 695
11851 4562
1359 551
3781 37
17 422
17358 9029
4790 634
2498 583
17090 8270
3375 544
3870 572
4273 930
12575 8805
780 567
15612 7760
3066 360
2169 195
12535 4295
14384 6046
1756 200
14173 3498
4168 587
722 686
10843 8795
4984 161
2377 135
11115 6629
16502 9876
2425 873
11850 6347
15695 3455
4077 338
2376 466
3667 507
4106 146
2009 472
10611 5395
1889 119
3715 764
984 913
15433 2200
18162 4212
18584 5323
1295 682
19542 7611
4819 518
17129 2413
829 869
3550 382
16969 6896
2731 468
13057 799
1257 838
4357 813
19354 8665
2839 131
3540 738
15292 2769
1500 613
3112 573
2916 953
18806 1902
103 597
1061 229
4194 263
2017 149
10689 5340
15273 2815
2348 507
12249 501
4783 244
587 59
18171 3447
10236 6271
14354 5163
1149 693
1017 821
1357 237
3962 642
12007 6412
270 475
3777 819
13300 9875
2145 907
17233 8497
16579 1986
1708 364
15347 3865
1486 95
4638 265
19377 9758
16845 5200
3363 409
1439 959
1136 446
16189 5805
16075 3481
1856 585
15457 3029
394 619
2122 177
3600 857
17416 4329
3754 943
4736 285
4266 366
18082 3820
10125 5004
4566 619
2359 273
14483 875
213 453
1858 413
3927 69
3256 319
13052 1156
3006 505
14107 1710
4587 741
2770 274
2513 991
2852 236
4184 903
15352 5951
1681 770
2419 552
2507 570
17113 4071
1814 635
18841 5261
12923 7368
13960 5695
14785 8191
4032 821
2250 974
3809 955
4668 933
3437 338
13186 4205
1946 972
17757 5880
4313 337
2525 166
14546 5210
2198 812
3782 448
307 331
12978 7961
2384 495
10878 70
2319 9
11342 4368
16389 3251
4140 75
1661 155
2742 98
3211 333
18120 8926
15317 2464
2942 933
1263 15
2425 661
1928 649
13719 5461
2183 717
15183 683
14069 4962
15290 9229
17814 7190
1793 315
14099 9781
14142 1679
1908 633
3286 470
13863 8099
4676 580
575 358
12245 2515
3978 808
4569 325
192 6
15425 7947
3281 799
3130 507
11256 6905
3298 985
458 111
10285 6555
1261 848
19646 8972
1150 773
3515 157
12115 4637
3578 532
4831 607
4044 619
13182 1780
4220 184
10986 5308
2858 24
18283 8435
19640 8749
16160 5812
12445 1788
2470 207
4693 334
1464 962
4403 428
502 56
19289 6618
11797 8796
2311 927
3941 771
1098 329
11502 5561
464 20
136 305
2693 927
10638 8021
10 12
18568 7719
17774 7141
1975 521
3563 290
12161 6355
4801 614
200 646
1893 533
3879 726
4338 751
2811 56
4038 3
391 765
2306 287
2627 879
3566 320
13305 451
4511 647
4391 698
12621 2558
1739 636
695 996
19163 6114
14395 3605
3224 507
15288 4399
4130 953
3891 866
13819 3400
13014 774
11942 1096
2046 871
4261 892
3380 609
4120 326
1298 542
1267 908
12475 7139
2512 406
1074 351
2461 674
10443 4495
2981 483
706 456
4323 539
460 128
3898 72
598 110
12241 3321
10380 8852
4820 652
10410 3631
2961 818
19957 2603
3002 966
2264 77
92 672
4066 546
4689 807
2899 335
3038 541
2515 907
17899 545
3672 569
1143 818
3117 848
785 962
4019 661
12476 7707
17749 6991
3663 23
16990 5531
19358 2078
1756 560
3842 66
972 849
1120 651
14768 6369
17753 4526
15933 2349
1964 855
3136 820
16067 5338
3375 485
13227 2006
13186 5688
14587 3399
17821 3339
12123 9776
14951 2697
3353 782
14258 7207
954 877
671 856
17459 615
158 982
3028 585
13049 1479
14774 1259
3342 87
2364 275
919 108
331 521
1079 611
16098 661
2288 269
4305 957
4378 805
14966 2424
15511 2340
4954 315
3555 309
19684 7977
15414 8541
3821 748
4235 991
3787 882
645 140
4669 224
313 622
409 523
4115 633
1325 134
304 752
2982 485
15109 2639
1542 570
4688 165
11954 1775
4784 438
465 870
3016 610
3098 938
15516 2458
2846 742
10999 3172
2030 672
19816 1222
12799 9136
1988 114
3556 520
1391 709
220 504
4658 691
14623 516
19902 7416
13026 575
16460 3102
10822 8374
1149 924
11729 7382
2221 972
41 472
1315 435
1553 288
3235 804
56 787
4990 798
2830 498
474 866
2835 671
17306 3159
21 6
3323 420
4909 246
12308 2838
3036 240
4083 360
1651 918
2201 824
4329 969
4659 812
1845 95
582 101
54 593
4772 748
19810 2235
10299 1258
4706 476
10409 4260
1389 774
1676 371
15612 5320
2846 729
2293 821
12630 5526
932 762
610 445
568 588
4807 323
3268 443
2688 669
15651 9451
12616 2965
3049 320
15707 5606
4081 573
3946 135
468 98
3668 333
18320 3807
15745 6383
11937 3434
2878 477
1390 255
10883 7521
426 465
13938 6700
3202 874
4559 711
16406 6804
18459 531
722 607
4718 189
14324 99
4804 879
10259 69
3793 365
3300 903
4902 382
13157 5740
88 417
2011 228
155 176
4802 734
4755 995
2008 367
3152 109
238 967
2209 304
4579 520
4585 841
1805 367
1880 753
3595 686
4815 672
3922 290
16310 3866
1847 558
17526 92
1158 311
1910 720
637 608
4601 694
3944 884
434 277
474 604
1930 181
16815 4566
3610 220
1864 471
17950 8049
482 206
4255 817
10212 5011
1737 112
2458 581
2968 398
2277 2
4935 250
628 211
4927 514
395 544
19568 1415
4391 947
3047 461
4373 963
370 88
3406 398
4171 650
15798 3895
17575 8929
3884 580
3065 117
4076 760
3516 785
3476 626
2148 47
437 894
1150 519
1101 403
2908 84
4678 570
10450 9407
3196 706
3340 375
3704 751
9 210
2560 900
16707 5027
4493 81
430 834
4304 73
4871 10
2884 997
10009 1155
3920 411
3468 382
2002 600
3277 994
3295 285
1 124
1279 850
2822 57
1932 631
3857 789
18901 5326
2172 840
2409 178
361 867
2135 898
232 328
638 356
1230 324
2115 455
1001 973
1006 682
2405 64
4501 191
14933 7207
941 115
4267 114
592 236
1513 256
1159 938
4875 989
1542 85
4406 265
679 143
4507 328
10064 7675
3300 116
1452 906
891 267
306 42
14492 4386
10405 4735
780 957
4873 756
4338 855
1934 523
16413 4624
1361 641
10813 3301
4469 802
13352 8613
263 56
19277 2364
19539 5582
748 686
12721 296
13584 1261
3209 59
3515 281
2038 200
1425 804
3011 980
14875 4782
730 553
3990 913
1196 328
2789 542
1817 699
3775 527
3391 848
3429 185
4737 678
1890 295
4899 774
3096 570
12018 8744
1526 21
4389 137
4893 577
1869 721
1162 355
3179 166
3638 814
4156 695
2596 862
1859 443
1964 18
137 33
17850 7916
1844 52
4508 673
4673 717
17533 8437
11303 6524
4607 107
706 434
1492 860
3980 295
3429 239
12963 2448
14531 517
17293 3998
4651 130
4678 251
4130 150
14584 9001
14956 6398
3158 264
95 572
2621 649
19138 9789
76 74
1223 547
126 755
10990 5035
4537 890
2681 331
3487 799
15056 8136
19408 7334
11615 7054
215 739
3099 705
10924 7618
3482 767
3317 31
1702 341
11514 8946
1983 447
316 731
2977 744
536 508
17262 9672
2376 658
4193 252
11450 5391
3074 524
1315 767
2729 229
947 116
2273 381
2315 178
14731 5958
4652 544
1380 426
2674 253
3660 715
14332 8072
15071 3003
4057 376
2217 385
654 879
1335 634
3156 836
12773 2464
860 748
900 375
2436 835
1068 36
14871 5218
1263 497
1681 568
1298 237
450 154
3634 397
16374 3719
1922 259
15680 116
541 481
3472 80
12210 9089
14123 9468
3400 736
4652 838
1118 541
11926 3560
770 642
1736 106
1473 193
896 740
3892 254
1209 440
3331 276
10200 8349
4398 733
13563 212
2950 905
17352 3324
12849 1616
14834 5041
15758 9520
13229 4640
29 180
4126 765
1405 538
4239 604
11616 7022
1403 337
9542 2067
17229 8058
4992 777
1503 95
469 396
3829 287
16403 6208
2891 268
16535 1077
2080 425
3316 261
1249 865
212 209
267 576
10390 5475
2394 340
1109 786
929 590
4712 477
4601 307
4829 813
2030 884
11738 8030
14538 3133
2749 966
921 99
3802 369
4336 171
474 982
1943 162
3237 387
136 522
3419 283
17288 9490
3881 652
12365 1416
2694 566
17528 5062
1593 992
2875 409
3531 489
966 159
3991 185
14697 4587
2647 299
469 512
14809 5704
19060 2078
15979 3493
16514 8379
1776 312
516 228
3511 319
413 722
14406 543
14913 4773
1204 984
2688 966
2416 125
12103 9158
1963 987
10313 5271
1881 617
4470 459
1510 681
2281 153
2671 483
510 510
2442 287
2545 999
4773 654
1853 156
1832 753
19086 5241
3886 333
11583 8468
3715 16
4810 427
2396 718
4239 631
3925 389
3658 135
904 835
2662 82
1285 821
19618 8651
1095 505
3221 816
1205 446
2491 924
16037 7400
4792 75
12662 6478
14731 2783
4854 18
3541 570
711 692
10682 91
327 453
10174 5918
2900 469
2903 127
17920 5745
2142 880
3247 117
19331 3753
10573 6797
2536 768
3146 652
18062 6442
742 950
929 31
260 160
1527 487
18476 2856
12108 8249
36 979
677 288
487 576
2832 827
2836 862
2000 29
4196 87
1355 692
3648 67
16117 1228
685 867
11860 346
4106 295
4153 206
10299 54
16375 3198
583 79
3994 254
4571 164
1514 179
1788 875
10889 1853
2043 901
14931 4428
2184 136
2844 492
16101 4724
2104 78
1293 931
4567 909
2825 302
1660 727
1751 554
2548 687
4543 536
2561 210
18726 1002
13174 5184
4848 416
4118 189
3366 14
2430 519
13638 4681
3350 974
16266 8851
1256 749
18727 3182
14262 6288
13172 5867
14226 6355
12024 6929
2711 69
1804 550
13522 5337
3345 675
3637 477
2453 347
283 159
942 970
13613 7732
4782 366
622 353
854 648
10552 2612
2719 770
15615 9998
17372 6917
10131 2884
13498 4036
716 75
788 939
2795 910
1715 36
212 383
1058 596
12559 6841
3246 325
1328 83
2300 698
3224 481
19928 9758
4919 475
2666 870
4468 646
3932 159
14542 9257
19611 1005
15681 5335
1409 317
434 106
15519 5923
367 405
17478 4089
15797 1965
11364 5403
1738 175
4719 609
17574 1248
10094 1119
19524 5678
14876 3333
2850 591
16711 6761
4014 99
1643 138
2849 469
2070 700
12612 3870
11281 9103
16069 9996
3469 311
14260 9114
1593 315
3899 361
319 393
1573 597
1170 581
17365 9183
10828 2569
15394 2422
4133 419
16985 248
16997 5442
12145 3171
4530 940
191 4
4253 261
2722 570
11650 7252
4539 160
4072 159
2355 922
15133 2836
19563 2332
3097 679
2865 814
1921 30
10563 8294
4267 53
67 520
1975 7
1007 225
2965 88
2253 113
1145 49
2315 935
1821 701
1874 592
17997 9432
2936 197
2157 320
2965 843
10797 6319
2284 634
4399 261
13270 2135
821 467
19608 8286
2274 442
10824 5756
4104 695
11577 7728
14949 2434
3851 470
2927 149
10584 1078
2099 944
3443 32
2702 724
19043 7380
3748 4
15636 5667
10601 5641
16038 1134
744 168
952 531
14819 6926
2303 650
2060 0
2845 451
2397 228
2712 854
2056 353
3449 405
16449 4543
1667 375
821 359
1841 912
19281 8545
18487 6366
15319 1386
2699 31
18444 2768
2702 766
3041 470
4190 522
3184 628
2813 32
890 594
1616 433
3132 84
126 33
14516 9165
4830 996
17001 8576
2008 421
1896 761
656 632
3563 651
17184 8190
4121 436
14859 468
12468 5521
1578 515
4469 376
19695 1903
2677 535
14258 583
1064 559
2458 902
4005 244
413 473
16733 1300
2047 10
12807 2902
579 168
3247 170
267 702
3095 801
4037 841
1628 454
3213 301
1725 484
16857 4267
103 565
11175 2100
4345 378
381 936
12473 9258
2718 35
4674 721
4468 717
10138 3599
10815 8822
3496 199
10924 9762
4984 272
750 668
1470 707
15352 5508
12461 3647
3414 729
4514 431
2724 652
4258 739
16615 6874
3530 385
11553 9762
3337 912
473 935
3722 97
11539 380
4805 454
2377 449
1565 748
14529 2279
2849 987
2381 110
599 246
3899 340
10990 5961
2539 555
18710 2784
2025 409
2437 15
510 439
18368 5219
13186 6198
2366 309
12050 4991
2670 651
2992 792
11812 3526
18748 7335
15501 7720
11374 7393
1706 39
3131 237
10823 5244
1155 424
19324 4976
540 559
17874 7975
2348 445
1504 463
11318 5523
10492 3994
4957 308
230 291
4377 664
15769 637
13405 1375
1750 222
4544 617
15072 9402
18706 9816
16328 3925
1875 53
4678 108
16396 9937
4065 685
1744 361
4198 980
4152 179
3600 616
402 204
19371 4705
3847 328
12673 3474
44 283
3262 20
2282 355
3938 905
2241 224
3723 852
3892 351
3465 298
426 347
1419 303
1051 635
4918 738
1087 685
3427 562
4306 463
4910 455
14107 3034
4476 829
4516 818
10529 3403
1091 643
820 560
19294 7001
18019 5294
2272 819
10452 7238
2037 365
2619 202
4643 878
18676 31
16335 9271
3172 90
15839 6209
4060 240
15367 4673
3936 894
2070 295
16216 2278
3567 79
14690 2627
2570 439
11668 9722
4589 121
4116 561
2311 151
4513 173
13011 6563
18610 9250
1212 724
429 765
15239 850
1551 57
10011 5296
14165 537
3768 415
805 310
1937 928
3675 687
2221 360
15526 8557
4839 320
2275 947
3988 399
19083 5091
12261 9979
2472 245
4034 2
17495 9768
3986 913
19964 9351
15600 1370
13373 6536
1785 398
1122 730
1700 852
4785 270
4563 278
19638 3740
3585 15
311 987
14876 1457
2321 6
18423 760
2201 373
19426 2821
14080 201
388 391
11411 679
3379 413
704 241
11512 3279
4560 83
276 663
1728 264
1039 899
11377 4829
11354 3719
12749 4104
19035 2364
922 234
2855 251
1320 357
2472 771
1691 724
16956 1953
10748 665
3245 448
2159 324
2907 284
4534 29
932 55
19428 2107
12919 4412
1620 388
3940 203
18922 1522
14631 5428
1122 228
454 678
4918 94
3011 799
11528 6765
1905 875
14995 4846
3265 492
933 170
13880 7018
2241 645
982 896
13428 5781
1223 77
18285 7482
1750 421
18082 2686
3120 766
4602 717
3365 938
11194 8078
13478 5701
1051 183
17779 3777
15305 218
1619 845
279 174
1939 152
2431 73
1523 470
17433 429
3104 534
3138 526
4788 921
4037 946
2999 999
3647 369
362 150
1896 71
411 379
149 397
570 821
19834 9776
1521 583
3622 238
13174 2665
4538 832
732 21
17800 9293
51 291
2254 479
18711 5993
157 413
3426 74
1543 280
2032 556
4158 701
18502 7932
2623 493
17621 7537
2173 170
3929 66
19436 5518
17713 6175
549 717
18 925
17247 915
2164 172
13070 6018
17158 1012
2897 742
13884 8723
2533 510
149 245
1769 434
16762 6234
3038 211
14580 4858
4186 118
121 930
1653 33
15246 441
1395 583
15081 295
2346 177
3436 331
3696 973
2865 531
2783 839
3194 479
14519 1093
3614 646
14943 117
4235 850
2852 721
16065 9443
15125 3951
2075 134
19149 5798
114 110
4663 152
4548 954
2444 592
811 212
14756 7932
2271 920
3717 866
11227 3275
3905 822
17391 1519
185 460
2980 392
1614 885
1612 31
3300 629
13622 6922
3820 75
315 895
4755 825
14664 8610
19739 183
62 828
3308 266
3208 605
1502 710
16019 1899
3536 228
16689 4139
14535 6400
3131 987
364 916
821 591
1774 11
3264 560
4139 292
2731 983
2206 138
3740 939
3980 935
1555 616
395 362
2890 720
472 407
2076 399
2406 369
294 415
2879 758
317 378
2223 125
1043 888
462 931
383 701
1159 945
2021 884
1184 425
13367 5747
2767 763
15293 1492
417 649
14920 4540
3394 214
19405 8988
2365 476
1061 655
12586 7727
13280 5761
4796 8
4239 961
1281 671
10962 4358
4047 214
585 424
1017 62
17997 815
4246 514
15627 8306
2185 213
100 968
11602 2310
974 748
884 893
217 674
183 992
10389 0
3273 597
1502 206
3731 766
15094 276
658 5
2357 868
3090 158
10765 6060
12464 4285
19400 7238
4122 851
14856 8233
10693 3541
4551 192
19935 1161
3065 957
346 896
2930 641
3694 193
2983 658
664 800
1138 277
1147 125
4204 431
3928 923
19190 6523
12152 8368
14521 6970
271 783
12627 4237
1094 838
10678 2465
1074 13
733 812
2916 359
19140 8737
3203 770
16120 2136
281 549
2555 975
1806 909
4648 663
14170 3953
2407 662
1009 975
1417 971
15456 152
2995 18
4882 119
1680 411
1466 617
633 419
12292 7903
2437 258
2846 1
19174 8917
11050 3847
2751 109
3760 241
14651 6014
2766 464
3794 596
1788 645
1619 184
15456 4419
10806 1832
13530 8999
3115 910
13383 4938
660 30
3740 354
1264 648
16305 719
4776 218
16822 6080
1621 398
4357 130
3309 981
59 216
1047 89
13704 9203
13919 6382
4333 529
14795 8581
3457 655
2415 503
16998 1128
3092 855
16398 3099
17349 8597
4431 259
2945 625
19203 8361
10752 4442
917 800
3094 117
317 709
18529 8505
1646 448
1426 963
18194 5901
11066 4739
3188 338
17348 1492
1542 221
67 402
219 610
12478 3081
416 278
2772 68
2061 542
19256 9546
10851 704
4029 867
2210 71
18817 1256
4932 347
2332 898
1320 570
1116 687
3298 985
3530 920
1987 339
3573 282
2685 384
10807 6048
3077 941
317 575
13416 7945
17645 2523
16680 9587
1590 160
3938 322
11909 4299
283 478
2211 782
3924 801
4690 447
1966 47
12531 8273
1481 616
19411 9485
989 606
599 868
3518 547
2638 226
10564 5029
4058 152
10142 1127
18286 7962
4503 83
19081 3270
3250 416
15 781
3221 912
969 97
1585 481
1300 373
3056 143
10120 8735
351 885
4614 386
935 215
13461 2304
1756 5001
3947 618
2619 656
3112 255
85 394
829 76
2026 869
1109 25
3402 51
13230 2412
3259 138
1381 518
16564 9213
12213 9737
794 907
4621 722
2309 715
3353 129
3494 155
1963 167
2587 274
1644 675
14569 3818
3830 330
185 600
13728 1413
4153 927
16126 7510
3537 233
4585 319
17204 4206
3814 614
2762 730
14578 7080
3869 871
1004 898
332 203
3980 348
15626 5496
1510 248
379 673
3183 215
2654 693
141 829
4770 663
15756 3832
16044 5005
10824 8764
15416 6647
1369 630
4187 768
2430 535
14470 7405
386 676
3687 796
1988 217
2798 759
18612 8036
2496 74
14703 9158
12727 9220
4248 744
19561 8974
3634 970
4250 252
1159 322
1180 797
17373 7248
10171 9415
17837 19
2407 322
3614 479
1830 287
440 129
4044 686
2980 35
4066 492
10484 8790
4073 30
2369 676
3539 529
2836 675
383 915
1771 703
171 250
4230 792
2285 10
917 796
1674 431
543 174
11595 5052
2774 37
4174 447
3801 624
4324 92
16791 4262
11152 8296
3808 955
16507 9016
4280 699
2883 653
3891 1229
12890 6387
4935 1
580 617
4503 592
3020 847
1771 317
1894 368
2645 487
2422 592
15034 117
1248 209
1367 509
2782 507
171 755
4519 206
17608 413
3496 681
908 948
17344 1271
2401 34
13276 5980
10598 8760
11676 2352
566 609
1001 295
3387 613
4492 783
3534 52
3528 65
249 316
791 362
3432 570
11643 7513
3609 486
1434 187
3279 309
3740 50
509 724
723 900
159 702
15865 6525
13443 669
644 377
13177 4596
4173 701
16232 1272
1412 277
16847 9263
3267 230
4837 333
3563 462
18426 6989
2189 75
17812 7049
1812 267
2066 590
1622 788
18348 4377
18319 1992
3494 619
1362 654
2846 63
2318 106
3878 76
583 902
18935 8877
1611 519
2672 143
1384 196
4374 455
4737 974
2059 742
947 398
17199 2769
11974 4917
3262 973
1237 30
2261 564
19095 2829
4416 450
11874 7463
12113 1953
15736 2625
12574 2853
794 989
2571 874
2452 238
18724 8064
1518 720
1719 834
4 908
16317 2560
17749 2987
2933 243
18114 5667
169 116
1975 807
301 849
2407 107
13071 3269
4693 414
1357 538
10639 6130
4272 68
2574 75
11039 3291
2613 245
18054 8206
794 239
360 777
1474 8
3828 678
3103 176
4459 280
12275 861
2839 362
186 13
2776 840
4409 24
2044 826
4147 205
507 480
2654 13
3911 800
3872 217
4803 97
17274 8431
18820 688
4438 122
2616 236
3293 879
12533 8533
15637 6928
11149 2490
843 60
2877 136
18853 9815
2517 405
4485 551
13560 8661
1358 765
2106 804
817 433
10322 3649
4540 196
3156 916
3322 169
4832 165
15032 9315
702 509
10155 7578
1751 627
2382 192
3976 878
2667 242
899 871
4640 243
11310 588
2535 654
2500 71
12440 1717
13604 292
3494 572
16073 3504
1095 46
3263 493
46 881
3982 837
16805 9138
16942 5137
1519 226
14009 9846
13336 5834
1270 672
3533 587
169 434
3214 924
2126 673
4992 535
2929 963
1381 349
472 452
2582 358
3459 208
4683 586
620 571
18028 7280
1255 322
4728 932
4036 864
2775 741
897 169
4204 795
367 978
1996 952
3647 73
2498 988
4636 179
131 645
4673 249
14614 4892
4111 723
17180 4933
9 675
4428 147
19494 2191
653 776
14861 7338
4869 475
455 748
2430 781
2405 344
4931 625
3284 784
12204 6042
15740 515
12162 240
19379 6240
1474 320
4199 831
1920 795
2631 272
568 313
17780 3078
17668 2639
4077 186
4195 529
12213 680
2242 157
4038 319
14037 5256
15524 5522
3489 36
3861 877
1295 615
1470 567
4047 484
160 308
4080 955
2914 489
2154 164
2506 391
1923 610
2533 893
10260 2628
4850 349
264 645
1361 160
2231 62
2246 176
632 18
785 619
1290 519
1563 342
4269 927
1708 944
11390 6275
19793 2188
16201 3316
18771 1983
19763 6325
1071 624
16848 800
2752 692
12097 569
14094 3499
12343 7592
16494 3884
973 268
3811 753
18648 3377
289 626
2280 307
1764 506
16149 7782
1148 24
3504 477
15684 6
17459 8791
1350 259
10493 9418
13839 1564
1872 897
343 50
16910 7926
4895 871
13531 7433
2958 793
17550 8511
810 148
4296 876
4315 741
14411 32
475 358
17539 9702
13559 4538
692 491
15778 4930
12309 2415
18089 5819
4762 739
2109 427
4782 697
391 339
3683 24
15557 4115
18421 3214
19504 5623
1467 902
4460 732
791 913
3036 555
17001 5481
18654 2393
4035 548
1961 282
14905 8520
13545 9667
2516 672
799 23
2440 564
19815 1567
4032 52
10423 6992
2951 489
15044 8835
2231 891
14070 3456
344 772
19818 4942
17601 2702
3876 483
12464 4346
2518 745
4222 630
16818 3162
4836 503
2285 184
1538 806
15463 5374
1539 413
19325 6017
1461 47
10701 3597
780 766
10868 2030
1284 146
34 19
1561 398
4057 293
96 329
17411 841
1092 744
11979 7876
10828 8890
15829 7205
3100 334
11651 1306
11606 8979
3986 928
1455 95
625 963
3910 138
10713 7057
3985 399
13910 5235
792 787
4754 784
217 143
4911 400
1323 483
958 933
12772 6798
13555 4138
123 683
16396 9282
4759 81
19498 7265
4719 59
4546 575
3686 481
18389 3795
3525 312
4655 444
249 927
957 976
3960 594
19803 401
11020 5612
2851 492
4247 189
3914 233
4978 73
3132 271
13516 3280
11916 2280
1553 524
4019 379
2370 698
12993 9579
19947 616
2086 437
2967 533
15211 3282
2715 451
18203 5489
10978 2570
835 591
1831 400
17017 8760
220 366
14425 4290
17705 3350
4158 178
1805 18
63 910
19185 9700
4768 200
13453 7098
3329 629
4536 400
337 936
1140 456
1001 118
1291 602
4700 634
4166 660
1375 367
3697 860
1171 525
1445 881
2679 42
18769 2052
13739 4122
1695 717
132 607
1130 155
10157 6976
3717 373
19239 74
1255 614
1486 645
1815 81
179 497
2347 484
18302 981
16896 2442
535 978
4728 270
4965 324
967 244
2766 422
3601 284
624 152
2123 444
4919 784
2384 878
2663 211
3022 688
3950 273
14307 8708
424 201
2609 315
1933 669
260 929
544 308
684 798
15261 5679
2138 709
2265 572
18248 7139
3792 330
16254 1137
861 93
14854 2969
13087 203
2274 146
12453 4686
11308 5276
13311 1623
687 912
1313 774
11471 9690
11068 867
605 182
3965 245
2481 724
1444 474
916 98
368 353
1609 143
3861 904
1548 310
10933 7714
1106 126
2012 647
18209 1787
4359 213
18323 9417
1527 219
3779 886
2341 828
4316 114
1691 478
12067 8220
18789 3153
4764 452
12127 6272
3947 799
2382 597
4223 932
4194 659
1452 746
16209 2304
368 343
2231 851
4517 879
12233 5497
10122 6284
4854 82
1011 372
2709 280
4331 708
19964 3699
4298 194
3653 991
12308 664
3780 325
17885 2124
12242 5917
4479 695
2059 784
2382 306
3443 942
12517 1549
12715 1038
15763 6160
1350 138
18835 2217
2036 853
2442 785
3886 183
1968 816
18635 8715
4652 571
4299 295
4941 102
1986 904
15677 6989
879 786
4668 822
840 736
15267 1690
3600 574
14617 8419
11647 4439
670 479
11901 5345
3263 195
1158 895
14697 5504
19767 5188
4485 925
4346 639
751 741
15686 4306
3462 310
14491 1995
4894 354
709 82
3757 827
4398 623
236 332
10709 5901
16620 9280
14709 8330
3508 21
10940 6704
4684 721
15881 8631
16031 5081
4220 596
