100 1000 10000
3417 1429
8675 417
17510 3673
18368 3359
9128 257
7838 1429
12187 4479
5078 99
18761 1
19118 2740
15056 6878
9110 2196
11598 2546
18682 6226
13794 2514
11139 8884
6603 264
10902 8005
14810 9733
3932 3098
10598 788
8476 3334
11002 5743
11214 5054
3440 1112
3304 715
18228 3100
17776 1113
14740 9061
10036 3844
5774 1216
14159 6577
6488 5001
15499 4052
11799 9428
14210 5890
13304 9987
10919 1112
12614 1633
5266 2368
12739 2480
18272 3540
1808 455
8439 106
11404 7515
18488 5032
12713 1018
9644 297
717 910
18074 8633
11543 7467
11845 108
16261 8595
7164 556
5641 239
17375 1565
961 2501
8294 52
12760 643
19979 9303
4741 150
12135 2693
12927 3238
14074 8091
14532 3111
17374 9356
17699 5376
17179 4795
16460 9160
11370 3555
8512 770
15777 965
14280 4546
17459 286
1038 1001
15813 9919
13234 6938
4058 401
19734 145
8729 770
7489 117
14748 7838
12107 3938
8462 2001
11129 4673
16900 2289
15883 2819
12000 4171
5228 345
15717 4280
9568 95
15685 7320
13056 4519
13398 7146
8439 9373
13113 4458
5851 2501
10662 4248
3845 401
8854 1593
