10000 10 10000
1078 514
4075 611
1638 228
151 772
18928 9622
1094 183
3441 975
270 130
2357 266
4179 46
4528 616
2717 310
2230 715
4297 575
2723 895
18987 2589
4413 249
921 193
1453 652
177 613
18453 9059
4649 739
1129 170
1596 204
949 991
444 372
4023 800
4971 336
3722 695
3372 370
15469 7632
93 758
15264 928
1053 678
1762 676
3858 178
17008 5831
3412 409
16590 108
337 2
3133 196
3235 282
2311 872
3121 246
2647 65
1763 353
344 267
11683 6156
3913 835
3015 389
15344 8576
17304 2633
1536 671
1708 462
409 392
17 701
4710 495
2918 775
15060 1082
2088 239
4439 176
2263 997
2997 255
3999 417
4683 123
630 944
907 54
4101 174
45 38
3913 265
1714 175
4589 490
16516 1547
12041 8342
188 106
2892 443
64 161
984 124
2005 383
1694 364
1726 847
4050 943
1332 38
4341 321
4037 780
1048 196
12805 9690
4965 255
2001 235
649 223
4093 818
3300 631
455 619
3907 813
4985 872
384 839
3841 864
1483 139
4153 333
3808 145
2841 924
15894 3619
2672 822
14215 4707
4672 185
851 677
3301 673
1384 52
3522 46
2987 738
3773 521
3444 162
2087 337
2255 941
4939 410
4388 38
18570 1889
3552 142
12921 9220
3516 567
10267 3329
1873 468
3368 910
1682 50
4105 848
718 698
684 329
11126 1622
994 20
4740 687
406 127
19044 5488
1883 829
2123 728
1305 200
14322 1787
4519 191
471 703
12912 8829
12871 1829
133 719
12044 8401
526 481
2048 641
10084 1516
3084 72
1742 53
2045 644
2276 415
4186 594
4527 588
4712 289
13624 4483
4158 232
3447 791
1068 971
4930 624
4553 524
2798 124
13050 4072
3529 170
3292 442
722 311
4748 946
3026 621
686 758
4350 942
2276 141
630 846
832 221
3886 231
4362 685
1698 480
3120 10
3423 607
3957 326
225 271
1119 996
16907 9279
582 67
3452 908
1828 941
951 428
2612 789
1545 483
3208 181
4643 497
3324 79
4571 285
3684 588
3878 49
2709 36
2113 297
3875 560
18780 474
14677 3825
1807 949
3000 762
332 541
401 927
1018 623
2859 339
3435 178
4572 933
468 331
542 825
646 151
2452 50
4168 174
1567 273
2256 325
4276 907
2092 213
415 904
2418 495
3545 284
3236 275
1737 499
3119 415
1679 559
1245 361
819 127
3304 744
3024 764
4535 469
3171 607
4199 495
12841 3938
476 36
4358 580
2218 320
2175 6
3557 710
15302 5294
4888 271
2473 44
2625 614
3696 99
646 21
630 240
14209 4242
3691 221
1828 435
3005 687
403 741
4886 662
14398 5770
58 691
426 22
440 909
2041 143
3086 156
4053 628
1279 772
1351 283
321 175
2830 223
274 51
16706 7228
3859 983
16091 6899
3460 363
2554 568
4841 792
4394 175
286 682
4721 838
15034 342
3998 631
3734 164
14543 6298
1997 411
3866 902
109 599
740 38
14587 3213
15046 5501
1120 145
1843 384
169 660
4759 122
4111 556
172 982
4946 202
3446 828
265 278
1332 579
4271 973
2706 91
883 519
1809 982
2191 299
2366 467
12981 1896
3926 371
333 146
2408 845
2282 678
3837 756
1987 177
1567 358
721 394
3867 636
3658 235
4449 892
4718 561
2743 852
4065 723
2742 709
4193 581
2128 26
2422 521
1242 494
3055 6
2041 969
2283 653
1449 511
472 856
4365 765
2963 192
3100 361
1080 288
2661 259
1656 730
2735 174
15221 6985
14684 1200
4885 841
593 410
3448 193
2231 68
868 722
1385 427
4546 265
4239 22
3754 74
16198 5114
2298 512
949 389
3718 339
1763 825
2527 463
535 575
2953 518
2732 956
1237 568
269 688
3551 55
602 918
4788 60
3093 848
3599 866
19020 1679
3411 791
3850 485
2653 999
1194 933
3479 832
262 518
11959 9197
1500 297
19307 8439
2586 619
4690 477
567 654
4499 359
4543 127
2062 707
112 299
1814 901
156 35
4700 615
564 256
18039 7954
1094 763
4074 376
1047 130
3101 371
2504 522
4660 507
421 401
2727 607
3045 309
201 748
1537 28
600 904
10424 6805
1397 513
3869 521
3037 195
4045 963
1801 436
1821 202
1935 431
4088 859
2599 634
12850 4757
2872 972
3444 555
1027 324
1914 506
2635 628
3578 304
2497 90
2326 605
946 684
2707 536
2136 956
14291 2841
1265 399
2317 750
4489 664
84 705
3474 581
4020 897
1455 646
2730 845
4348 416
926 298
3247 674
972 74
270 2
2412 455
4534 886
1228 914
768 756
2968 329
4496 114
3436 890
4553 70
2228 608
4090 488
3298 544
702 212
589 480
1090 844
4136 346
4766 387
10831 2317
1329 995
171 437
3476 440
3698 233
1480 22
3893 249
4588 18
2779 969
845 29
1047 3
4126 598
4413 998
4955 104
1692 333
506 948
3259 970
1581 597
3214 293
877 802
2417 87
4450 548
147 643
2818 903
3545 572
2236 197
2667 452
4272 416
927 867
2201 603
16243 8043
3656 286
3181 712
1252 358
11351 309
2582 414
1223 374
3036 150
16868 4637
15623 2232
112 174
151 920
4045 422
1624 237
918 242
721 51
446 70
4818 665
1888 690
50 113
4533 956
1028 920
1154 54
1736 462
3715 271
1898 955
1235 301
10971 7083
1652 953
4343 476
2309 186
2994 290
3232 425
1310 642
2191 296
3972 837
104 113
3052 449
4946 30
2381 431
3323 162
3955 832
1247 718
4679 308
1048 765
1676 28
3341 770
2908 620
2467 62
2927 815
4012 103
4700 49
807 808
2545 238
2643 787
3193 118
4497 985
1698 801
3883 163
403 332
1960 486
1035 629
19095 9834
2974 252
2317 331
3076 520
4994 920
4190 282
1989 646
253 749
2271 649
3239 604
59 890
1675 189
4967 907
4178 750
1438 3
134 934
10652 5001
3272 501
234 603
3245 696
3953 826
4224 374
4840 18
49 165
1901 412
1695 768
1672 169
4866 26
4594 458
1715 213
2072 358
926 339
3987 504
225 395
4073 471
35 727
916 19
3892 806
3115 815
1652 667
828 935
643 931
2173 933
1810 652
183 124
1654 553
13742 4692
3472 985
341 917
445 627
152 728
2065 323
2721 374
4574 548
3896 284
2627 619
18880 4644
3077 728
3024 552
353 788
4033 207
4127 557
4144 535
3271 536
2226 960
3109 473
1153 709
3531 695
2301 738
3323 985
4919 30
2034 37
781 531
3548 718
2559 723
1262 710
2298 761
17880 411
161 952
3159 194
2248 947
2921 927
964 812
3121 986
3268 239
2256 799
3056 481
1572 826
4535 549
260 794
4547 435
90 925
3617 300
2874 561
1169 320
3926 592
3749 294
2772 160
1509 210
1294 214
1625 178
3919 317
62 6
3068 408
16835 3354
933 760
4645 992
442 278
585 449
2918 310
19408 8408
571 398
3942 705
808 628
4903 970
2561 529
3593 250
1787 123
1418 672
12884 1483
2448 496
4659 568
13622 2486
2757 436
2748 881
4241 942
2067 83
3152 821
11892 9360
1183 750
1103 135
1466 86
11876 6645
1887 241
2796 18
3503 678
4318 661
75 773
4686 139
2418 656
2915 745
3603 112
1164 385
3638 737
3623 461
1486 864
3924 123
4457 219
187 253
2737 432
13187 2680
1593 229
4919 396
3017 74
4482 438
3592 597
3767 849
332 554
2883 544
1152 883
4655 668
1335 841
10225 2398
362 820
4561 158
4897 820
16514 3307
936 10
140 137
4840 487
1616 890
156 665
4072 726
835 799
2674 832
2043 7
3697 388
1716 276
1486 480
2707 280
2091 660
330 358
2680 407
2425 924
1598 743
1930 748
17294 467
397 622
4919 698
12922 909
4883 643
3007 946
19473 142
2499 204
1472 713
10614 6251
2253 962
817 717
1464 633
2719 418
1496 958
2576 78
208 994
1820 961
4524 674
4735 810
55 871
3852 547
3998 202
2949 914
4369 349
18564 5301
4271 529
2230 843
2022 682
1176 476
1821 685
374 13
3724 78
16535 858
4217 469
855 768
4209 955
1341 37
4860 553
2118 868
1675 181
3518 133
4588 534
12414 820
1583 937
3643 780
2233 670
1922 953
1786 961
1726 289
13274 6589
3750 262
1741 200
1055 678
4501 197
3617 193
1013 435
3733 36
160 34
4685 689
1914 243
4842 699
1119 217
110 785
4148 875
2545 29
2258 106
3114 8
1276 3
1007 612
754 882
3260 389
649 781
1233 703
303 503
3382 628
3248 665
2392 560
2023 660
208 736
2923 327
2841 247
635 449
4660 636
2463 941
1691 451
4717 175
377 548
3610 532
3972 179
735 216
370 222
1854 836
492 697
4572 436
1048 517
4136 586
3833 503
14045 4448
3868 199
3846 633
1588 896
19900 7148
80 707
3574 279
3971 831
2790 307
2991 871
3004 691
414 149
3388 34
1126 156
4526 686
10 997
4089 341
1798 304
2703 521
1710 750
4661 612
993 9
580 855
1400 922
19605 3091
4665 245
4833 728
4714 714
3117 771
2574 335
4715 530
13949 9676
4300 904
4392 258
4430 273
3064 303
2611 650
1818 25
10059 3078
2795 773
4380 624
4499 342
3926 538
3767 171
3468 412
1363 94
923 646
3588 223
1048 358
14039 4296
1433 112
3255 392
178 715
2974 417
19182 743
17407 3272
972 774
1027 492
919 974
2203 556
724 515
19050 2546
122 256
1974 550
859 56
2929 314
1072 554
1578 149
4326 89
781 384
4498 642
2164 665
2097 469
14019 9766
1038 141
14064 2213
16355 8926
345 176
3521 817
3844 38
4612 674
4264 580
838 589
2742 154
4171 528
2122 634
274 390
3178 971
4287 454
13703 2698
1279 554
4854 715
951 298
2979 972
1102 397
1396 387
10096 8720
532 860
3283 74
12942 7187
3511 266
15791 1905
492 123
890 235
168 21
54 134
3661 860
1778 247
1466 611
892 979
4407 311
4378 846
1494 129
4925 64
3788 300
1712 612
4619 290
940 616
871 549
4960 347
143 870
3603 159
1439 481
1280 90
4721 943
2327 296
2867 765
3572 435
1816 240
317 64
797 19
1031 710
146 762
2698 751
796 870
61 806
17151 1275
2225 370
1141 809
2230 535
486 378
3524 360
650 329
4276 475
4900 922
18473 3174
2055 629
2955 921
4084 471
1337 980
4566 278
971 436
2256 146
4481 856
59 758
4361 399
852 385
1668 6
3540 314
1099 757
3915 338
11779 8010
4490 527
2771 931
3134 476
447 318
4212 537
2853 795
4066 68
4746 715
4054 837
3917 760
1930 603
1926 370
3888 833
2441 838
1842 371
974 624
4195 714
16811 8578
3917 142
4098 672
18391 2252
3861 738
14961 8334
14291 9938
3889 122
1055 296
3716 837
1656 713
302 910
305 734
17332 402
4905 552
3224 973
4552 108
1002 563
1034 857
18489 4976
4598 824
3468 929
4581 984
3590 525
108 747
4094 87
3391 193
1091 103
1983 660
3879 717
1991 519
2613 940
10 251
3367 354
2295 73
16260 9412
3878 834
3383 33
1462 710
3549 450
11049 199
3402 520
14901 7767
1823 679
2070 480
146 653
325 40
4388 700
4078 602
1353 965
223 345
3855 222
2388 311
743 226
1740 495
12026 2838
17601 3148
2716 824
12388 4253
2661 955
248 865
4416 959
2623 543
13269 7058
2072 737
1503 643
11075 7164
496 56
4890 44
3450 508
3182 170
2178 323
87 705
10852 4585
3496 320
2582 192
4423 592
2373 963
3489 666
3045 767
2331 80
3294 192
3212 209
3262 714
4779 260
24 294
1491 574
1039 638
2636 204
4186 277
4812 365
4903 337
4423 896
779 892
920 848
3608 903
1215 165
2563 219
3931 831
1589 818
3769 970
3748 269
4262 96
2188 822
1665 318
4633 783
1009 107
2872 525
2742 416
4967 925
1513 465
3260 10
12850 2439
2102 144
306 371
87 726
551 392
2566 524
17527 8965
18415 2419
1433 769
434 692
58 281
603 234
1835 452
1773 393
10609 4440
1957 994
4584 943
206 716
1669 99
2858 206
17846 5925
3151 391
12684 6481
19398 9697
3650 290
2237 389
2098 669
2482 982
3595 54
1710 637
3662 291
938 12
241 450
14805 4947
18860 9826
1129 414
17919 6359
4442 174
1319 11
276 261
14217 6668
477 694
112 569
2998 65
16780 6310
2301 47
760 679
4411 503
3495 154
738 888
1335 857
2072 568
2415 65
1790 915
4379 882
4828 733
1185 669
3343 80
827 59
1732 589
111 594
2952 647
1219 350
2117 908
3783 742
1554 256
2393 427
4028 223
913 77
2493 932
1664 320
3985 931
17053 7526
18026 6205
1092 442
2107 214
13365 2792
2974 871
3533 37
1185 925
2019 598
1355 939
15885 7581
1337 460
3704 396
581 660
10523 9671
3882 809
2426 51
1726 843
3531 743
19309 7763
1584 336
2131 628
16000 4687
14075 4269
716 283
3660 295
320 775
1178 637
604 356
3110 64
4745 241
4882 511
3924 830
116 608
776 13
640 960
3137 429
100 779
260 615
384 611
2784 973
17644 5410
2275 465
4507 43
1433 868
45 848
3247 925
3100 233
43 668
3882 354
3516 852
2917 73
586 581
3374 579
2021 125
2597 501
3564 791
1422 869
261 799
4505 983
4217 470
4970 441
142 582
3993 651
4149 121
4151 448
2151 96
3820 185
11895 7877
488 646
4367 915
2940 879
2341 315
4072 27
940 428
2823 718
651 469
3131 824
3254 818
2805 393
316 20
4641 178
213 309
2095 844
4400 286
3613 606
1155 671
3907 649
3691 636
4555 274
1868 121
3715 27
4629 830
3103 600
13807 5938
4859 394
2582 858
1895 36
1934 608
16884 3331
139 192
17977 6919
1301 99
645 612
2667 788
1446 465
10 813
2828 11
4899 446
4909 348
4205 522
3611 548
2483 497
2658 725
1666 654
1036 181
1977 451
770 917
11920 1373
2628 400
41 272
1661 441
2359 924
246 413
4952 304
496 120
1018 108
3111 194
2336 816
3009 461
4415 231
3378 852
756 732
4111 198
3532 962
1484 111
4702 307
3875 269
4243 82
468 449
3091 932
7330 3358
4731 22
3718 744
497 932
3845 358
3700 805
2300 612
3535 805
29 604
3697 305
2147 349
293 471
4021 876
13950 9491
4729 669
2026 973
3763 81
2771 122
1841 522
2290 540
4616 144
3674 641
1211 566
3155 784
2089 644
3055 517
124 9
1919 500
4686 435
780 789
2145 22
16448 9025
13908 6550
48 122
750 228
2262 686
1446 724
1350 242
4666 974
4493 907
561 122
1479 43
4962 479
1017 738
2634 234
18647 7236
13398 4549
14082 5452
131 767
15687 1545
3893 182
4178 46
4070 366
4440 623
1960 90
18513 6290
3005 222
1721 294
2413 92
4146 806
3318 353
10022 4782
4887 251
4264 817
4614 998
1361 780
898 513
4018 990
477 277
2906 205
3734 134
3279 511
2452 477
2749 10
14274 5104
731 392
3149 304
14929 1122
2648 80
211 709
2651 926
4604 434
2579 848
3679 929
2431 744
133 103
4574 765
4768 45
3315 554
4405 767
611 816
2010 547
789 813
4291 772
1955 744
4745 417
4067 47
1761 259
3595 34
4130 982
4404 766
4812 247
2220 359
1825 742
3338 818
223 293
4711 150
4398 287
2648 714
4066 138
3624 701
1896 511
4963 427
14231 8364
914 246
2158 264
2924 269
121 711
1289 756
2197 570
3075 69
3470 41
842 472
3546 169
1826 876
3344 314
1253 569
18934 8152
4963 525
4409 280
683 601
254 272
1961 941
857 860
3481 580
4808 802
19638 7526
991 781
4866 765
3781 954
4452 901
3440 224
1748 107
4380 11
2684 170
936 443
17749 701
1988 579
928 511
12608 776
3820 234
1771 142
1559 799
4982 862
1197 809
4948 451
2422 952
935 345
2551 712
4631 965
4629 344
16066 8129
3171 805
1971 224
3149 750
3261 475
3326 644
11571 9140
1892 440
2625 858
3901 128
11962 6256
3847 545
3089 649
1454 74
3481 803
2844 356
3954 977
4781 915
2893 888
12116 742
2489 590
15872 1305
1455 377
1728 684
1447 759
2318 37
1478 360
2245 721
3528 633
2421 884
197 197
4551 727
2352 769
2738 232
4686 14
2383 156
2666 72
713 334
1082 587
18394 4641
3889 673
2406 383
3297 26
2117 826
19684 1498
872 510
2798 62
11598 1937
2599 216
57 487
891 280
2243 357
4292 131
1811 351
2673 766
3497 67
2134 281
1616 767
3257 611
12840 4590
4192 47
3484 615
1632 689
857 372
1374 612
1385 847
1862 851
2195 183
2979 865
407 836
423 297
1591 858
2817 20
941 177
4010 549
3364 685
4814 708
4763 619
2468 949
4059 970
4309 898
3455 129
307 489
4797 430
2564 401
1594 889
423 507
732 571
1850 166
3383 510
495 207
1648 826
2494 366
2641 698
4117 359
3731 124
4185 924
2731 387
759 111
4759 667
1712 696
13282 6070
3112 921
12934 7821
16865 6994
223 282
4134 882
2084 718
4724 872
4616 94
186 689
4258 750
4746 91
4749 120
2236 610
16716 5279
13882 1690
1889 634
11488 9498
3036 440
4944 523
3466 927
63 433
3506 619
1863 794
10904 3875
4875 331
790 847
3491 416
3954 272
2504 915
4250 328
485 698
1703 443
4969 722
2481 285
2053 406
3123 787
4393 690
2442 872
561 319
1373 265
623 189
2222 703
14379 2269
1072 15
360 702
18456 8956
4947 672
71 564
3715 40
2722 724
2313 808
721 331
2595 332
17415 6794
1418 100
2061 788
2120 728
2745 156
3130 486
4354 351
17519 6155
1603 15
10280 2577
4504 21
386 2
90 117
1448 803
3923 500
18753 1368
2133 791
4525 146
1254 129
4819 30
10449 351
2867 812
3939 718
4122 186
4108 813
3540 570
2201 438
1255 821
4990 268
2514 426
394 456
14304 907
12054 1376
507 535
1462 975
3294 728
1101 244
2259 278
843 658
790 435
2262 168
2768 680
1300 725
3449 858
18566 4202
4722 176
920 272
1097 821
1838 701
45 874
1108 462
12979 5469
853 181
4988 703
1172 942
3273 734
1733 25
2726 101
4959 948
708 63
2362 427
13931 9533
4881 537
1027 21
2625 984
3037 460
1738 916
2938 28
4345 447
4082 531
434 263
3096 222
3882 635
2119 728
3039 693
4986 353
2608 968
1194 123
162 205
3473 929
1776 263
4206 902
10009 8620
3520 351
923 292
4709 231
3344 698
4489 600
76 454
2459 179
2405 895
1846 72
2526 852
14244 3420
19840 775
1584 353
12411 4983
2367 399
1139 315
4135 360
313 223
56 751
10326 8577
2529 295
10220 4028
2999 253
821 960
1079 376
3904 647
2563 571
12744 3690
3503 809
2034 389
234 332
343 22
4471 648
4018 649
4785 374
14318 289
1892 597
1203 749
2427 673
1550 886
573 753
1416 379
2726 107
4738 118
16173 7792
3549 829
18860 933
469 946
3847 654
4965 758
4712 751
442 917
413 550
1462 525
2541 71
1152 718
1355 689
4877 114
194 761
1827 152
1151 771
4090 734
349 749
1270 228
4710 906
1602 76
3395 573
1956 309
360 744
4258 376
4971 606
2354 310
1196 551
4158 4
268 24
1696 433
3047 605
3685 678
1229 122
60 118
627 570
3938 654
2646 88
1493 782
1398 892
2891 568
3317 376
2990 744
1102 406
4240 465
4033 950
4281 846
1819 332
18609 4171
2302 446
4245 760
16611 4186
1347 199
12016 6084
180 376
307 826
4943 652
2217 374
2349 143
2409 984
937 67
43 491
2078 452
18733 9276
1311 431
4386 920
2545 700
4900 716
1202 125
1923 961
3621 471
3565 327
2074 741
2260 911
41 710
3108 21
3452 983
84 655
2836 364
645 251
3045 339
4666 39
4220 263
4287 267
247 199
3092 646
1270 831
1645 12
1331 403
2222 807
4391 537
1636 82
18184 5865
135 381
15339 9310
1604 998
50 691
3185 99
16704 7367
4683 62
729 765
1514 391
4538 975
4883 963
255 363
1534 524
3998 991
3521 829
3021 148
2100 451
2936 136
986 736
270 861
433 735
1232 361
10502 2000
3507 233
1489 956
2955 212
2313 751
339 571
1167 493
4210 22
10480 7253
583 113
2414 21
2781 958
4097 700
991 977
4256 123
3978 423
14217 6605
564 870
2166 603
4589 207
2504 528
13009 9388
2872 913
661 474
932 593
2852 837
4848 731
14645 588
3014 371
4531 762
2712 403
549 10
4869 15
1231 703
1493 105
881 809
2045 930
16666 7583
3086 392
1841 995
1225 514
2180 80
764 731
2180 874
3791 551
3006 281
4900 774
14120 8131
3574 277
1877 582
1661 242
1144 157
480 981
242 664
3093 786
4448 884
14191 2932
2862 591
3291 396
3046 27
2207 137
4500 409
4739 56
3995 549
13764 7073
17382 6123
4995 262
1092 578
3377 605
1828 870
851 376
2489 481
562 465
4361 243
1126 158
193 738
3227 488
1833 441
4985 598
4725 267
1869 423
4980 184
2452 347
1954 505
4786 372
1016 770
2426 629
1171 829
3327 362
876 631
2116 74
988 105
1764 242
3351 65
2149 959
2088 68
3680 194
16731 9960
2960 794
4068 726
3190 930
3110 75
4697 346
3201 985
856 538
593 174
15469 3379
274 603
921 940
18901 3470
2852 942
10894 6394
3219 290
3706 446
2548 856
10647 7262
1551 319
388 418
2427 901
4154 302
1917 643
431 135
336 732
2492 486
1801 331
12267 748
3037 950
4861 19
383 730
2870 802
719 105
261 254
3155 162
2067 388
3922 345
2529 586
88 726
3812 187
3818 204
3319 502
2228 56
3553 371
2796 415
1610 425
2423 703
4468 105
1574 817
1923 681
3885 292
3428 816
789 888
4008 768
32 666
4615 137
3507 766
1409 792
1048 997
3584 180
2511 376
4687 920
16465 7231
1898 496
3395 75
2554 56
3776 519
2448 135
2080 147
2660 326
2812 161
3870 356
2704 868
1539 461
2613 28
4243 876
2943 33
344 246
222 812
989 156
3153 224
4568 8
3906 844
3615 236
3176 530
2920 906
1150 358
3850 364
4241 970
563 980
11575 1170
402 168
3713 159
19853 7347
820 990
1079 428
19 981
4951 127
752 66
2113 125
2849 1
2635 629
728 926
633 426
2294 66
4845 810
4652 943
504 926
2317 364
1316 128
2287 200
11470 6919
40 375
490 484
1146 921
3216 316
850 376
17914 4085
12 802
584 218
2908 444
3501 599
3637 192
1703 377
663 354
1596 690
4661 551
18860 1343
3320 196
455 640
1601 377
3240 540
11546 4950
2472 763
12603 9382
1296 34
4128 673
4621 806
758 254
1716 601
3392 417
4295 299
4605 435
2399 419
3189 120
4571 985
3235 113
2292 245
635 148
2824 677
2032 590
4245 469
4572 345
4318 136
3502 399
1787 78
57 665
1149 755
4397 119
2416 230
18166 4200
2036 0
1530 616
2307 477
627 3
2208 853
76 872
1810 311
3049 74
797 580
1279 832
2854 287
2207 605
4744 833
351 906
1340 651
3447 699
3507 710
2125 126
570 594
4748 757
283 165
1242 684
1955 795
2229 472
3056 369
469 966
1193 678
2857 81
4422 633
1801 200
4680 537
14609 6402
413 608
3192 808
854 189
1707 288
2798 970
2726 819
14889 1677
13248 9372
15444 8910
370 169
803 674
25 649
2570 577
11037 8042
3740 49
1763 214
2515 585
3827 969
2630 334
2215 412
553 752
359 389
2823 885
1010 148
4175 94
4806 661
552 855
1416 500
3759 423
226 693
3389 528
2929 215
4940 482
12216 7025
4637 678
3178 555
700 761
14 412
1752 303
2375 585
3018 748
2623 983
3349 208
1514 531
14025 6758
1553 855
4449 248
2462 21
3730 45
4414 876
1460 29
38 914
1844 72
2401 241
304 107
1126 653
1710 251
4110 656
3744 326
17518 3312
10 195
4504 927
46 387
1527 511
10118 7697
3717 631
4646 60
3995 884
3584 418
1930 921
2608 788
2471 215
4541 569
4238 569
4141 989
885 797
1521 792
942 832
2409 935
2423 625
663 541
4239 972
1359 59
2205 626
2173 110
376 335
3069 398
3217 333
1704 276
4131 861
4046 307
3438 654
1284 62
2631 553
3473 67
33 543
3871 149
3126 632
3759 226
627 923
2305 972
611 895
4295 596
4712 924
2803 430
4921 600
2978 32
15550 2205
3007 273
2605 88
386 5
1980 208
1368 273
534 666
122 668
3892 749
4536 269
3830 226
1139 35
3176 227
14748 9378
1934 903
1598 583
4235 450
772 860
4272 640
1090 683
4474 338
4784 225
1238 210
1133 133
1532 778
1365 292
673 988
2024 134
1448 664
4482 375
2211 530
1701 444
11772 8750
4255 42
3362 296
4580 708
1160 839
3105 965
2690 706
2809 428
4209 140
129 62
1282 974
4760 979
4682 269
3252 102
3780 941
1487 518
1405 857
2772 577
4672 674
2400 77
719 532
4635 255
151 71
12621 9002
10246 3754
3822 825
1717 421
4829 940
1957 677
1031 329
1328 699
925 438
3708 203
3962 467
3313 497
16905 2462
2342 673
2763 940
2112 429
1223 929
3466 153
2365 336
4711 545
1669 835
2928 135
4581 498
70 676
4070 704
3010 880
4968 927
18152 2240
2897 737
835 527
4979 686
480 110
1832 311
4228 47
3274 646
4571 228
140 862
2896 940
4924 293
4802 289
2588 149
2623 227
3713 953
2519 213
524 535
2068 451
118 978
3273 228
3296 561
4674 302
2674 666
4618 967
3564 229
323 325
4750 881
2883 468
3577 71
927 68
545 398
1440 811
2920 108
1764 12
4190 992
3777 139
2436 815
3814 509
3044 514
3937 850
12645 2279
2529 231
1066 186
2979 280
4601 821
356 782
1936 487
4531 13
4416 507
2768 689
2741 138
3204 761
3586 173
4301 782
1629 562
2988 436
510 562
1445 583
3021 458
79 131
1395 878
4839 437
2433 226
3911 271
1536 966
247 919
4883 339
1999 972
3431 840
3930 482
2271 69
1367 251
16216 3556
3308 241
4742 420
3761 921
4105 181
1906 291
32 274
808 904
4312 398
939 583
3884 720
18163 1460
2261 842
2874 927
4753 177
4348 842
11650 975
2617 252
638 780
4665 97
3281 790
1202 925
11548 4792
4917 933
3895 830
2198 187
1430 372
834 245
4601 886
3481 537
4383 634
2126 465
723 1
1439 963
3695 152
1502 447
2602 213
4373 870
552 620
2148 995
287 264
2266 616
1707 779
1233 837
1936 952
1585 235
1486 880
2428 24
4688 786
3509 653
4241 874
8 976
4468 726
3339 586
2711 221
2064 387
4647 79
3804 217
2097 235
271 415
3743 87
725 930
4339 642
4822 11
3805 600
14171 9896
4112 229
3106 690
1598 515
4937 195
11350 1408
2091 624
2172 523
4714 644
1786 383
3748 584
14693 4225
4519 867
1360 316
475 409
4074 685
3160 990
1130 860
2260 283
35 261
1603 144
1546 275
103 54
235 926
3507 699
1894 317
19757 7121
3363 622
90 2
2847 345
4803 111
11049 5628
4809 187
1635 80
209 188
10581 3381
1421 91
237 229
1610 616
4438 969
3602 953
1846 364
77 5
3992 714
1116 883
758 105
2941 379
4560 767
2422 813
4355 338
3395 261
894 537
2405 275
2068 242
615 411
536 5
3530 489
2445 162
4670 276
2195 660
1794 282
4974 390
185 199
4489 253
1593 306
2596 119
1267 226
769 85
3383 915
753 263
1597 210
2032 405
323 283
3102 404
695 211
1056 859
3164 890
555 624
4388 203
1334 550
4 237
1376 400
3949 554
1138 970
1107 266
3103 278
548 837
2026 289
683 563
951 540
4714 580
4394 435
1144 691
224 860
3346 85
4676 603
2338 295
3424 387
1852 369
1433 322
13204 5908
908 571
1085 326
2743 284
3253 859
498 474
2978 636
3085 264
1259 97
4005 138
552 216
3650 557
4629 124
4300 34
4533 724
3011 114
1711 122
1389 318
4304 113
2109 676
3071 932
14784 2295
2311 273
1544 584
20 752
3204 483
3368 81
14699 5196
1446 698
2494 764
4412 635
2621 402
4317 898
13951 8810
1289 175
2999 720
1305 607
4763 219
2980 877
3776 633
3356 346
3242 934
10369 5440
16805 5537
4929 949
11472 9591
2166 577
4759 385
4960 955
4465 228
944 58
4265 792
893 734
372 426
836 14
4840 210
257 79
1813 979
4156 257
14719 4382
14554 3198
1302 78
326 374
1161 916
1314 35
936 685
17311 7276
1881 797
365 128
204 284
1869 490
4235 907
10514 9840
2422 164
4361 564
1667 880
1768 435
3293 228
2029 925
952 447
4895 520
1380 883
1550 370
2055 540
196 596
1063 515
2749 960
4349 732
3040 676
288 898
1351 388
4685 825
4252 382
0 176
308 784
19095 9292
2095 241
17684 2533
18879 6009
3871 115
1816 857
4670 822
19668 9527
4322 387
501 733
1485 698
1916 788
18681 3337
4637 959
3838 923
2653 236
4521 563
423 939
4864 53
2307 510
198 692
3884 261
17889 2406
3949 507
3363 886
15121 4316
4501 693
608 449
3659 415
11950 8746
4110 256
4788 548
4226 773
17765 4118
4486 915
3164 339
4761 46
3155 785
2248 469
3991 882
4164 710
2596 959
10694 3478
1617 92
3081 288
4588 414
3979 416
3758 767
262 129
3737 736
1624 469
1704 739
965 79
1378 582
2897 234
3628 631
3647 952
12957 7046
572 671
1988 570
4594 857
404 397
3732 8
4167 180
2438 662
2955 865
434 499
4826 226
2146 310
2941 999
4354 951
2361 574
3632 990
17577 5425
71 995
97 614
3268 87
3379 282
2274 317
355 14
1126 449
2033 87
221 276
4125 234
3227 271
16705 4590
1552 220
2495 68
3714 799
3036 687
11313 5408
2653 269
3784 151
3485 341
17290 3898
3855 584
2872 560
3500 185
4922 810
14309 8277
4573 341
3874 259
23 109
12732 5936
3256 49
1254 750
3242 887
2360 44
1391 943
4756 985
2382 898
2269 208
3249 499
666 401
1975 569
493 990
1741 403
1530 241
2474 58
1409 431
2770 741
3564 999
3466 65
925 268
2759 172
4332 630
2965 672
1536 238
355 343
3588 844
3429 598
2292 402
3166 815
2814 557
1407 760
1738 465
2240 20
3199 389
16742 6502
1272 89
604 226
957 341
15528 5336
14253 550
1624 9
3619 16
1726 391
2414 815
723 993
4168 147
759 838
2422 92
312 418
1641 483
238 616
3145 381
233 47
217 314
3373 299
2410 209
10252 4284
1429 111
1331 651
2331 357
811 576
3183 313
1056 869
1598 810
2494 775
361 580
2057 430
4731 514
18057 2977
192 658
4413 499
3596 152
1484 968
3371 849
4455 100
2062 987
1900 57
2451 238
3521 222
4977 285
4460 920
1336 90
4403 316
1761 916
1169 411
26 393
2495 321
694 689
3143 630
4093 42
854 399
4003 893
1109 693
1114 634
2521 175
2277 759
15707 3062
1018 372
938 547
3148 191
337 95
2233 123
4000 817
4166 978
4855 233
13166 2136
2922 78
4029 831
2908 178
4442 82
885 492
1388 312
2312 962
3202 681
2216 872
4829 566
4708 253
12851 3451
1704 296
2234 60
2711 737
836 310
3529 901
2456 780
2589 348
709 959
2526 909
19529 8977
1569 370
730 838
473 751
3885 679
4391 95
908 726
3898 2
867 855
3370 590
1175 46
3177 937
4313 3
10897 4145
1946 353
1529 654
525 583
3294 489
3729 833
16104 9367
1116 923
4032 441
4486 598
1534 637
2841 418
2714 426
933 776
4977 762
17191 4797
1956 891
4190 107
10865 6128
3776 543
943 259
4848 656
801 691
253 428
12453 4237
1878 114
704 83
12041 7812
4495 838
1512 403
3481 62
12622 5778
2688 443
2115 714
297 408
3974 253
4309 482
3264 288
1636 461
4380 782
626 658
3486 648
17376 5517
1886 191
291 164
2776 44
4219 232
1587 376
3154 175
4412 621
113 228
2956 348
3035 219
2210 525
2196 317
2080 615
3187 398
3864 412
2139 431
3834 834
10796 9146
4942 326
3466 127
4513 354
974 728
1396 570
2553 569
2925 679
19104 5584
1692 829
511 126
125 566
3555 659
4163 776
178 139
547 235
4950 347
127 931
4598 234
714 94
3864 471
2250 919
3197 909
1216 381
4431 924
3012 876
4346 340
1552 447
3550 241
12529 8056
920 843
14236 6671
17633 115
3963 217
3567 553
2902 674
2148 899
1429 367
1498 559
721 368
1446 441
3809 213
2165 254
1842 563
4112 876
4069 738
3881 925
3993 188
747 433
1461 264
4532 915
1254 993
3155 958
10320 7644
2538 12
3527 11
1297 716
3929 187
4186 843
4461 333
588 741
3014 289
1345 278
2131 180
24 266
1946 353
2581 428
4174 246
10354 1472
4521 482
17253 2294
2352 285
2975 159
3415 695
2741 616
2455 924
2258 372
598 694
2703 306
26 418
2713 652
1721 12
1723 234
3605 636
1588 365
2543 484
3854 269
2359 125
4122 221
4724 915
2150 801
3664 428
3771 300
1975 231
4771 828
4653 373
2355 360
751 906
3512 899
1024 493
4602 959
2077 135
624 70
18735 3324
4369 612
14478 8125
4291 108
4872 52
2570 86
2893 225
1147 485
450 226
2695 363
3654 307
977 797
1025 180
4747 24
3440 199
4180 308
14305 8671
2608 785
4944 28
2273 504
983 150
457 506
1737 916
3168 617
2193 404
4143 758
4579 165
617 813
3608 992
3005 893
438 744
2706 811
2734 632
1694 559
2411 758
1162 697
14615 435
2729 349
401 733
447 553
1387 648
2418 653
2868 938
1855 81
3763 25
2783 167
2129 598
983 710
3117 902
11398 2163
3160 665
1231 682
19386 7115
2682 935
3659 458
13712 9737
14830 4157
4082 729
3061 182
2380 350
1511 508
455 582
1229 449
4260 345
3342 16
304 174
401 408
3410 895
4563 78
1388 112
2652 433
1093 726
626 317
3697 454
2883 379
1224 452
2865 557
1994 24
4013 891
1914 370
2032 384
1324 186
242 437
2769 491
1526 83
240 84
3647 568
2032 779
984 973
4112 760
4170 23
4132 962
2882 289
4527 329
2770 891
294 983
479 688
2469 494
3759 151
2555 250
14792 1616
4350 722
3154 490
1460 732
2349 218
4547 650
18595 4770
4100 661
2330 305
1713 543
4587 940
4166 60
2452 634
93 931
953 693
2350 608
298 480
12683 7534
4299 141
1484 610
3545 845
19295 1650
1717 875
1719 912
1164 189
15161 7014
2958 306
213 643
1000 882
362 525
4419 795
1578 854
4210 154
743 953
14721 6026
2111 255
4688 810
187 639
4684 837
1566 251
2068 806
3376 255
98 15
4090 907
3153 242
1373 335
1066 113
4019 20
3208 635
4458 409
1480 543
1347 76
3955 881
4444 685
1726 352
4606 717
3272 848
2668 539
131 720
4302 296
2723 557
2733 521
152 59
756 375
1129 702
2473 808
3455 123
4883 294
4908 797
4866 524
1922 898
1942 772
1799 203
825 711
1079 973
19552 5573
91 283
922 997
3509 390
391 431
3556 462
4305 923
15838 7638
17018 472
4337 177
4892 168
1696 707
860 808
4141 776
3252 786
2924 455
4805 149
3510 134
2253 198
1126 13
4643 800
2781 395
217 310
3524 593
2980 609
3552 871
2089 373
3011 31
1093 856
2823 13
754 456
47 725
4650 528
900 371
589 425
535 768
2673 16
206 364
127 779
4537 130
1643 947
3040 218
3755 20
2954 985
3090 90
2644 368
997 908
15715 1023
1702 475
3040 321
1032 812
955 897
4131 874
15085 7429
2304 918
4636 364
18438 6164
10054 4993
2577 723
4497 110
16419 4317
2086 926
3903 703
3828 649
27 646
1323 696
4648 692
4874 265
184 478
2591 793
454 141
13233 8630
3946 739
2291 312
2203 255
1329 52
2312 859
4323 257
2939 32
1731 11
405 801
2736 636
885 445
3866 743
4258 836
214 178
3345 425
4839 865
905 749
523 531
2273 507
16240 5750
3120 225
3670 824
2295 246
11185 3239
2558 589
2037 632
39 288
16923 3861
329 973
4704 516
3667 15
2657 481
14577 793
1697 622
1817 670
13739 1834
2260 149
847 751
3938 711
304 32
18376 7558
453 133
1455 663
1661 467
2463 798
3209 440
1501 705
1986 174
1978 297
2349 14
53 920
2587 943
1199 270
2050 529
3935 717
3941 231
4827 742
2500 18
4696 424
169 603
1407 542
4884 690
4298 180
3587 42
587 187
19369 8421
4129 910
941 336
2636 48
1905 864
11976 1585
49 661
3336 766
1946 325
2511 888
2790 945
4324 732
1762 173
3238 718
1386 302
16326 4736
2682 66
4773 937
629 780
2074 4
2163 334
3781 964
4022 24
1028 195
14419 3547
1287 128
73 210
3835 378
18480 1967
647 406
2086 551
4349 712
4788 152
4279 452
3166 774
19241 5195
2319 919
13642 4385
19920 6527
1808 406
1092 521
4463 419
2111 261
452 25
629 2
2969 251
43 280
4415 903
256 69
15033 5112
4050 800
3234 497
3619 831
2087 486
4364 127
817 798
19075 5945
3866 815
978 810
4430 931
3905 857
4160 925
1677 252
3381 826
12233 5456
4867 430
4149 630
3524 228
3679 147
3528 106
1420 24
4943 794
397 684
4970 302
2742 24
628 880
4397 306
2881 925
276 917
3538 206
93 713
1444 353
3180 801
3139 207
4005 627
560 656
4267 419
4476 287
3583 265
1439 286
1175 37
1614 815
2188 409
1279 149
2330 584
1179 242
481 109
261 207
1544 797
4074 715
13333 6441
1673 593
3226 80
1422 61
16491 1340
4370 868
924 619
1799 694
4125 811
3340 454
274 135
1297 803
35 93
4764 504
15696 5997
4955 989
2007 291
4323 677
1253 506
443 962
2085 417
417 94
1974 613
3551 329
2439 718
3307 217
3951 883
2699 387
2837 306
18678 7582
2555 198
2678 266
2098 922
621 338
2977 50
14881 168
3827 772
14 190
329 371
4241 386
822 991
4224 202
1159 37
2578 451
2614 145
2574 871
1721 387
2313 255
846 238
3695 758
4764 918
324 900
2695 697
2641 583
18344 4673
3707 890
2748 522
2291 279
4041 768
16841 1755
4082 417
1965 755
637 691
674 582
2887 523
2786 37
4199 182
13554 5591
287 653
2571 295
4531 217
4915 952
1904 389
2613 751
780 65
2394 693
3844 304
3443 748
1386 816
4527 261
898 748
2033 156
4460 253
3798 613
2274 923
1269 331
4578 104
1087 100
3589 532
4611 816
1446 482
243 688
2902 411
3237 837
4663 384
3130 847
4349 675
4937 386
3341 993
4264 68
4923 45
2660 53
473 626
2741 959
12042 5377
521 638
4899 910
3335 285
4972 601
879 964
1276 990
56 474
704 398
17134 8184
2989 822
1087 534
2550 407
15433 6047
1951 559
309 490
1691 115
3474 182
762 494
4451 841
4858 705
1316 590
49 436
4351 5
3760 899
2473 785
3338 860
1512 251
3151 349
4305 562
2739 287
4076 988
818 695
3548 856
1008 470
2736 565
1375 344
1142 501
3895 982
3428 21
2905 135
4100 804
1298 960
4127 738
192 140
1023 654
1393 468
11825 2788
12802 5924
4755 529
4599 366
1920 342
3656 931
1463 972
2687 632
127 527
1667 783
17759 3585
2175 14
3962 946
12507 1664
923 437
11712 6398
3045 353
4452 879
14027 6070
1978 897
1656 652
844 376
18702 7843
4195 488
4290 620
479 441
451 73
3253 615
3954 98
920 295
4956 794
381 683
2794 140
1383 915
1978 821
274 303
1440 320
843 851
1436 990
1076 562
2461 216
4037 109
4573 322
188 125
4275 158
13333 2820
664 905
4099 224
2673 136
966 176
2984 681
1485 520
3212 95
1307 537
1454 176
1537 925
1830 80
4388 847
3919 290
12171 5683
12180 1739
3681 44
3323 384
4329 719
10486 4546
1491 420
2159 994
3370 348
16107 600
4301 510
459 520
4953 511
1495 619
1709 823
17739 5702
1920 48
2456 852
4272 291
4324 240
2226 814
3139 31
3904 159
2784 343
1325 283
2268 895
3966 197
4678 303
2677 21
3383 500
4930 164
790 694
4615 659
2933 784
1030 523
3487 923
1237 703
212 882
1876 307
460 909
2427 182
3258 115
14401 6918
2206 201
4447 812
3183 146
2474 11
636 613
4397 425
3134 390
2085 483
4168 685
2691 733
16042 577
15219 2023
2007 490
2494 599
3515 712
676 760
19415 1094
17012 1539
561 553
1743 468
3737 535
11856 8648
18965 8931
2722 271
3315 16
9 435
10331 8529
1872 676
4844 245
4142 224
1377 146
914 690
1507 406
777 14
2529 239
3513 918
1350 868
1896 324
11205 6715
2767 60
4824 100
708 503
4605 627
638 200
22 672
4798 623
741 788
1865 179
2070 721
4422 159
2799 804
357 389
2814 227
2908 33
4653 182
4937 503
4678 4
4502 161
3637 104
3486 257
1007 547
1261 23
3696 670
1406 552
1637 172
1688 211
4594 271
740 109
17204 5281
2907 603
2935 155
14317 1642
1090 469
2617 121
3363 533
1508 256
2129 221
2230 527
1010 290
3325 871
2305 169
2039 866
1991 108
14873 735
2131 896
12185 2989
473 762
2835 952
2452 476
4729 746
4540 891
1477 886
3449 880
4706 884
2204 433
3656 301
4636 62
15694 5956
2032 453
2635 436
135 922
3594 915
3260 821
13362 1309
2906 248
4585 441
4917 146
4519 681
705 576
1911 191
915 109
4073 781
1416 851
4225 685
10003 868
4524 457
4462 752
2284 19
3843 286
3206 27
1545 483
4598 626
57 716
967 607
16814 245
4912 275
3784 738
4559 181
2226 71
13704 2884
477 73
15573 4660
2187 819
735 201
2879 634
109 207
10663 7933
4732 856
2725 793
3178 781
3096 221
1668 953
3933 474
4211 127
4163 565
3976 802
3619 593
4908 325
2146 890
4479 561
3474 203
4455 664
4107 356
2658 353
3526 473
3389 792
2241 500
2902 497
2783 107
1236 777
2164 730
3539 212
4610 236
815 361
2829 365
3451 540
2098 785
2758 194
1760 149
951 708
123 12
1913 362
1766 531
195 924
2169 428
4803 640
1197 948
11581 5948
18649 7069
2254 323
14050 2626
459 600
274 123
315 327
4906 598
19512 4742
2559 236
2040 680
4090 386
2240 23
927 146
1843 209
923 8
207 951
11310 3810
3740 306
19467 337
3389 104
3991 914
4837 906
3471 98
2405 519
2844 491
1263 596
2525 497
4039 235
15050 369
12747 7243
4280 867
2239 975
579 551
4619 376
4272 904
4826 387
3197 697
774 305
4913 886
917 906
507 114
111 810
3167 185
4525 462
1461 291
3362 35
16027 4137
1913 460
2888 708
17367 432
4687 220
1402 828
3225 287
3279 852
188 393
3216 0
3556 793
4896 649
17715 1855
4641 125
13220 6690
2931 881
4511 572
17246 5249
3638 420
1270 944
3382 935
965 398
728 646
3808 7
345 889
1721 301
771 24
1722 335
3562 173
2419 151
2381 346
2469 450
2055 314
14691 4206
3298 939
1613 991
1482 862
2705 835
4621 462
12994 7900
2986 798
184 814
3887 937
4996 16
586 5
4221 854
521 996
3138 78
4666 471
1886 477
1730 301
1350 618
259 444
1441 495
10335 1238
3042 485
4765 589
466 834
19787 5181
1731 174
4577 23
3937 327
3962 307
2246 760
3714 665
4928 79
2504 287
2096 5
3372 560
4591 973
2275 570
3033 314
19632 9190
1436 614
459 386
1552 368
1603 24
1377 155
2500 920
802 264
504 643
3328 92
4272 575
3666 482
13634 1397
10664 3941
1946 183
3144 658
15674 9004
3647 411
1834 648
17668 3579
2493 943
4398 908
4883 43
16372 1623
2768 413
4046 972
3062 571
3731 255
747 722
3468 863
16862 6114
704 860
409 282
3702 387
1044 932
11491 4568
3078 449
2323 657
778 341
2118 271
2754 926
2382 546
19532 7175
1110 848
19651 2016
3160 272
2835 446
1056 276
3729 31
1272 929
889 263
1013 15
1299 314
1523 647
2837 265
2218 387
463 73
1334 100
4553 545
761 775
1682 354
320 690
1638 900
1129 505
1524 445
3403 645
2294 411
219 905
3400 401
4701 583
1032 520
3826 498
2542 971
16826 3893
3305 363
15451 8607
16 577
2819 709
1876 25
18028 9187
3760 227
3391 629
3385 804
3791 278
2838 503
1338 646
1655 897
2434 408
1190 788
97 246
3268 641
4313 533
858 482
804 651
2437 889
926 379
3811 869
3896 397
1576 205
127 393
1273 896
2215 612
203 82
250 481
2580 659
3836 209
3646 365
755 875
4102 20
2463 33
3660 304
2394 438
18665 3088
136 825
1113 531
39 735
208 685
2776 142
2456 90
4507 332
2063 671
508 816
1834 19
1593 599
2729 392
1829 348
1945 148
1282 740
2492 337
4084 181
563 844
1502 963
50 192
4163 941
18705 6472
796 816
18203 9522
2909 612
1458 777
86 917
2089 683
2979 433
498 573
3578 465
2621 32
2884 403
4703 925
4063 279
2090 333
767 209
1573 665
18085 2974
4719 659
3122 41
1954 448
4913 908
2160 890
1953 256
3693 414
3751 306
3211 120
58 446
1693 661
1818 827
402 976
3440 35
4243 644
2232 507
3444 511
3979 571
1333 586
219 427
12044 5390
2963 90
985 598
2762 852
919 881
2602 829
1158 754
1357 314
1806 345
2935 840
2387 499
2335 64
1038 738
1714 113
1770 195
2454 30
4355 175
16444 381
2745 307
773 61
24 709
3099 257
805 945
1258 266
43 848
577 430
4827 623
503 221
2505 355
2818 957
15970 1153
1702 356
4680 500
968 11
1589 707
1072 695
3842 722
4831 867
870 338
399 558
1339 864
1090 716
2269 83
1825 52
4831 280
4346 952
16420 4173
2680 606
13921 2855
4910 645
17679 5674
4346 620
2482 942
39 996
2448 115
3828 708
996 512
987 460
15914 5278
13352 3899
1898 605
12115 167
2979 573
3232 946
3271 989
4351 882
1544 719
3343 621
2709 913
835 42
4221 931
3221 667
791 121
70 30
1016 779
1316 70
3181 925
3009 630
1590 184
15837 86
2943 993
3879 168
1491 200
4757 956
458 217
16598 5463
2195 61
3097 448
4861 167
3056 399
61 157
2812 718
1135 755
3738 279
1810 997
1174 676
3784 326
2269 197
26 829
77 989
3929 174
578 7
4616 345
4240 478
4079 802
680 950
3118 458
398 184
1014 195
3738 82
10356 6381
1632 181
16805 9941
3189 831
3657 687
4725 591
601 474
2647 78
3695 192
15471 1238
1174 920
2361 544
590 796
3077 508
4639 338
1395 731
4718 907
88 698
2331 524
4176 244
100 197
3252 413
816 411
4778 253
539 897
3378 481
1274 936
4208 162
2769 9
2075 44
4325 305
4065 302
4703 497
1101 12
911 242
2022 636
13678 7691
2855 314
1436 536
127 154
14803 9372
1895 171
34 792
2926 390
1457 434
2425 336
4546 536
4153 719
2163 646
3010 719
1621 775
3209 858
3167 560
1869 650
1423 793
4721 61
3993 607
3705 938
3848 380
3314 640
3189 697
4545 81
3841 525
153 390
3147 308
2368 101
2254 257
2705 868
3082 207
2985 134
4433 899
1517 819
2549 12
2146 330
932 961
3071 168
773 830
12463 5637
3684 490
2736 81
4767 175
3305 841
928 46
14475 7507
3621 592
3740 370
16948 2952
3333 810
222 190
2872 178
1977 252
3348 60
10955 9408
2306 189
152 806
1610 747
4134 476
538 623
4733 270
3709 329
894 845
2034 452
4069 424
4511 93
3455 673
2893 701
2118 181
2915 372
789 459
3047 756
2438 630
2251 307
1458 446
2651 705
4088 14
1828 715
4913 634
4468 149
3032 942
3925 209
18603 7796
4292 696
130 2
2601 624
2357 515
4625 188
2911 465
4651 954
3754 797
10177 1180
4856 233
3815 71
2900 728
3517 761
11386 1991
11916 8030
2432 411
2034 628
1429 654
460 928
4481 541
2560 397
4470 140
2708 86
2189 664
11310 3920
3171 40
3788 350
11469 1999
773 638
1555 544
3115 860
3264 969
3418 649
2931 842
696 376
2135 160
18411 1661
214 467
2588 861
12644 6226
693 582
190 452
4821 777
833 934
4188 616
3795 340
3114 551
799 354
1722 495
338 309
4895 976
4332 803
24 87
4222 246
11165 5585
18373 4497
2864 458
1954 464
18271 417
212 309
2746 630
3073 529
355 745
2732 85
1126 657
1640 562
752 523
909 55
4769 593
12299 1190
3599 604
4290 839
3623 298
3654 741
577 250
4555 531
3042 768
4588 614
3535 894
2463 508
1303 792
16519 7971
3853 921
1946 777
3664 628
4185 171
1453 81
3923 869
2196 613
906 903
1947 286
4720 255
48 363
3384 361
2 396
2982 175
4051 615
1263 338
3814 624
302 931
2876 891
1494 421
2001 843
2596 591
2741 623
3129 350
1484 791
4421 936
11242 4941
2312 774
2333 647
4195 355
3544 63
752 475
3511 459
2336 853
4113 243
3897 739
16786 3505
155 18
1463 130
12817 3755
13718 6531
287 296
2672 463
4481 872
967 362
3327 831
3618 477
1340 505
1220 393
2309 587
1228 639
1886 154
4921 170
3947 864
11045 5765
1542 355
15843 6115
4213 848
1497 750
4523 182
2844 212
1394 496
4174 360
16463 6562
4902 844
2688 125
331 905
16395 8879
595 221
1442 895
4916 71
15001 8627
85 970
3283 240
2518 535
2077 9
1929 545
16022 9694
2040 189
4795 91
1097 394
4546 599
1089 698
1587 8
4698 76
592 127
256 396
3516 220
3622 734
3057 465
641 958
2195 80
587 673
2254 895
4911 110
139 843
3902 137
575 95
1774 887
246 910
3337 610
2906 118
3350 264
3279 817
12500 8593
17792 1083
464 274
2486 962
3859 885
1976 831
15131 4716
1779 1
2036 261
3797 691
595 827
4521 383
1 819
1809 584
3172 370
2858 603
4254 184
71 4
2076 907
3509 838
17076 2055
10824 6108
3505 196
4612 597
4942 115
2534 262
4026 603
3036 370
3407 982
2419 590
3383 602
1198 878
717 857
4074 678
592 748
721 828
4073 826
1362 246
2495 693
1504 322
918 317
4656 940
2785 944
726 189
634 244
3988 698
774 221
1361 579
4036 233
252 845
4456 766
3662 665
3958 157
2565 227
334 985
4519 387
1289 332
3344 443
3900 560
2171 590
11254 6044
3973 41
2641 979
1740 151
1141 984
16025 3157
11647 9825
2173 43
1581 332
71 904
4458 9
4715 859
4012 190
4886 211
1651 583
2149 470
796 27
2024 371
4375 419
74 935
1936 71
13478 2485
1263 979
1801 66
1917 521
4129 774
3552 965
12470 5835
4502 326
2118 507
4657 916
3892 654
1744 562
4100 535
14717 9042
2386 699
1768 742
3027 32
1666 953
1446 191
4749 332
2088 338
3637 557
140 762
1385 171
14403 151
3480 679
3446 779
2122 656
4615 915
1428 39
265 13
3689 751
1771 750
1311 895
490 563
836 819
3811 607
1224 34
2028 368
128 104
4654 218
877 803
2803 102
868 763
4716 870
2313 352
33 613
3984 719
2885 490
18755 3422
3071 36
688 36
203 956
1518 689
2881 461
540 521
2745 787
3656 313
2712 571
2256 655
1682 354
12026 7354
2134 119
2097 549
2087 576
1365 318
2760 841
113 127
1566 541
21 578
3124 706
1894 380
2442 234
1481 637
14400 9119
2419 406
263 120
3743 74
16480 9298
3948 250
3721 3
135 963
16269 3307
3079 435
2762 30
4179 394
103 228
3225 654
1244 560
1506 552
1209 793
1630 663
2677 480
772 548
3201 205
324 958
4501 518
1675 889
1232 361
2279 296
3498 861
2545 329
946 166
1196 11
15587 3846
466 180
13654 8987
916 597
4194 433
3810 505
10606 8935
2856 621
432 852
1749 311
3274 754
3808 699
1633 354
4685 916
210 305
2722 211
15416 6949
1159 760
4873 510
4306 448
4430 409
3250 35
1734 599
11012 708
3472 165
2294 53
28 205
1988 770
1802 898
4940 822
4567 425
236 55
2998 885
2531 289
4645 238
3473 604
1900 43
15524 6130
642 862
3790 872
2724 542
574 30
4255 703
13544 9603
4277 782
2908 398
362 430
3802 813
1742 238
1968 686
11512 8268
4650 722
407 11
1157 115
4402 345
303 996
3594 848
2875 438
442 895
1799 877
1973 648
2615 47
2958 256
2764 844
878 605
4945 600
4092 255
3887 149
3224 566
1501 366
14409 4668
1898 433
17286 5386
4005 600
14616 5849
3945 400
4736 43
2267 352
1968 700
4651 803
3062 512
14876 4454
4509 507
1279 929
384 78
3135 231
14663 9561
1319 138
479 735
958 660
3579 207
10277 37
10543 9483
4321 676
1601 386
1224 456
1813 573
1451 885
4708 829
2465 92
1813 335
1067 51
2286 426
79 129
1839 339
12452 2734
14843 2435
4518 689
14397 9174
1647 317
4519 589
1771 619
4590 802
931 711
4923 249
888 439
673 583
13273 5416
2566 594
1510 946
2151 90
2567 173
1975 6
1987 812
10443 6309
4303 214
4487 104
232 482
4773 99
3188 276
915 414
2641 306
187 52
2386 986
530 21
1487 800
2066 459
4701 743
473 338
499 910
3845 556
2020 551
17180 4056
1878 452
4515 782
15344 7250
3978 993
4305 296
1022 211
3612 488
581 603
2877 538
58 324
1654 749
1482 125
1996 698
1788 577
4285 895
1726 496
3570 491
819 378
2052 187
2742 644
1114 522
1794 506
3805 834
4152 630
879 941
2576 946
3789 250
2743 239
2749 754
2314 184
3422 963
3444 706
298 851
841 838
4824 284
1893 928
3342 99
2383 112
4745 727
4355 466
3669 991
2673 48
1491 475
3205 942
1324 347
3657 394
1519 453
2132 366
4772 254
2569 749
4869 931
16146 608
3522 387
2145 151
3093 982
3489 84
2084 328
19301 5835
2240 473
497 875
4390 284
19658 1043
2392 674
992 563
2658 642
3635 538
3668 626
4134 621
2002 970
262 15
396 316
3695 416
4393 680
4048 727
4441 476
4092 703
3824 37
2076 191
4753 331
4796 298
2000 12
2948 59
527 91
2566 188
638 989
3996 134
815 391
2204 46
782 551
1477 55
1481 582
4165 580
2797 262
16 561
3008 40
641 58
3937 819
4168 959
1791 889
3398 13
13181 8872
1351 62
150 46
3902 878
4966 861
3027 669
4293 805
207 731
192 206
2863 132
2231 102
10242 8223
2612 707
3314 828
1432 166
1360 934
4059 415
4359 835
585 928
4666 679
4229 307
2936 458
1253 689
3392 124
276 602
1953 14
1530 670
221 401
479 307
3501 576
4139 923
2979 394
2171 723
1204 852
2984 84
19589 5162
3418 879
4298 96
491 590
4875 689
3010 275
473 624
3094 795
606 721
2855 197
496 796
123 447
4204 509
1623 874
1790 224
849 736
396 321
4025 708
810 150
2250 760
3139 890
2415 77
2393 665
4135 599
783 458
16457 560
4433 607
17742 5220
884 489
2746 124
4550 200
3882 301
199 811
608 337
1394 513
2661 363
2041 784
3418 104
4412 43
4325 236
13750 2991
2019 994
12530 5617
1376 476
148 572
17352 5682
4212 395
3659 924
687 415
2989 475
10150 4054
2909 641
2686 444
635 447
327 294
2355 166
19358 2491
11241 2223
2364 524
2174 40
2427 48
987 191
473 89
4386 79
2559 946
2341 950
3172 809
317 81
2336 228
1552 92
1689 868
2214 730
4089 547
3193 819
1895 156
2684 675
3095 386
2766 276
4393 60
4036 590
3080 514
4426 909
4821 443
2029 720
3775 41
1090 933
2955 637
1536 496
1219 126
512 855
1665 386
3124 729
2501 702
3959 770
1000 178
4758 954
2867 741
2902 254
1707 303
549 315
1022 115
4063 665
631 173
3055 37
4724 789
1415 413
2347 688
3489 451
3245 307
2699 446
3282 466
1290 238
2444 348
1785 933
4428 431
213 324
2960 90
2811 518
3119 998
952 594
4448 625
1260 221
507 522
4108 676
942 876
10474 2233
2875 248
316 927
2065 231
2430 770
4257 946
4895 17
924 147
1776 161
3203 714
2377 656
4435 183
4792 536
4448 475
3658 944
1377 599
2416 288
4892 112
2834 606
1004 913
1897 327
2142 684
4087 284
776 954
3560 469
67 895
200 46
4503 300
612 766
1396 896
3892 868
4757 146
978 908
4100 705
2189 124
1269 731
4636 885
4079 184
11582 4119
4078 726
4634 455
478 656
1236 877
743 898
4677 973
2933 327
4537 268
631 889
2078 623
1667 706
3639 344
4476 262
2969 40
1523 990
14156 1974
1781 163
489 786
1118 94
2826 410
1406 88
3211 992
944 165
10403 7517
2424 432
3347 461
2727 710
3296 275
402 779
10424 331
998 544
13478 3070
3801 450
1581 934
4712 716
61 115
4010 927
719 356
1259 762
396 133
3571 219
2526 856
1308 352
1605 122
19928 6630
2693 128
4368 972
4511 255
1137 312
2834 392
3546 109
19627 7653
4911 545
3308 763
4706 717
18012 7071
4239 646
4183 381
185 718
1076 657
3383 771
1592 399
421 886
4861 707
1909 942
1098 374
3530 145
4468 166
1125 517
4571 531
4157 363
3886 646
4233 567
1630 387
2514 683
2698 802
3768 708
3678 677
1420 82
1077 245
18160 191
2618 536
4393 519
1688 895
11556 7392
1197 451
2407 740
3302 705
3378 259
12517 7369
3244 59
1767 566
3394 781
4331 918
15513 3722
1770 447
3908 552
226 622
2813 731
10390 3721
389 252
979 690
3332 132
12153 3087
3596 297
2977 204
4033 516
3951 435
2697 385
3824 835
2053 300
1105 248
4882 669
16211 2554
4507 158
153 365
2683 811
1922 396
2857 109
1490 973
3306 797
2280 874
2693 340
28 278
2890 487
4702 97
4637 833
2247 197
1538 687
1663 457
2483 418
1020 587
2284 811
17314 9996
4440 781
1053 47
1992 83
4795 650
3682 82
1004 592
4951 51
3446 834
2511 879
1227 628
1816 844
1639 101
19922 1344
2286 431
2928 738
827 190
3470 163
3860 228
762 893
854 371
385 356
14300 4168
4566 301
2929 116
4882 286
16590 2393
174 973
2463 576
4147 325
12558 1078
2848 211
1432 31
17067 8943
4146 705
92 1
3687 978
989 498
17953 5833
4754 650
253 176
18701 4201
10173 9371
3291 458
3653 898
2636 699
4813 827
1517 602
304 190
19482 6807
1708 619
4078 915
2001 605
3785 939
1497 465
3122 847
3030 265
2163 457
4720 293
494 538
1753 527
3717 571
291 794
15726 1604
1852 795
1726 273
4625 373
18438 1701
566 242
700 366
1837 219
3057 975
15605 5709
2050 534
1644 923
3356 80
3869 73
1546 616
2825 829
4581 178
392 527
10600 423
2543 359
3944 749
484 73
15199 3772
19885 9503
827 462
3423 80
1525 894
193 110
11020 5230
1368 300
474 683
420 969
4327 546
13367 33
3930 487
3180 609
2705 156
3788 859
577 631
2128 537
1128 243
3857 208
2377 659
3593 482
1324 942
984 625
3214 275
4907 212
3478 797
2770 957
4061 567
1291 138
307 270
1702 699
2330 508
1432 617
4700 694
2704 132
3715 782
1984 168
3550 858
17718 6196
2323 919
3555 801
3662 637
2523 331
509 16
876 641
1507 772
1786 575
1769 198
2239 403
39 837
4800 828
2640 409
3867 237
662 534
3638 986
2714 109
3763 857
3476 642
2366 51
3345 762
2350 868
2816 49
4746 364
3380 727
3908 880
12522 2694
747 271
4316 427
527 583
950 736
2046 927
3535 911
4675 669
3735 993
3882 93
1527 803
2182 441
814 877
219 689
3723 765
12256 3777
2816 10
1945 139
4034 433
4604 553
20 126
16860 7530
3860 852
3956 280
4598 409
1405 347
4572 156
3104 748
3715 329
4380 977
2990 232
13413 1188
4917 923
1990 510
4234 838
2513 477
2336 241
18441 8584
157 392
1213 100
3349 556
3317 811
16270 2534
1272 16
1809 288
4469 609
4746 169
18733 1028
1022 261
4418 389
190 55
1289 683
16212 6997
3033 938
1792 395
169 714
2490 644
3928 121
3540 159
2697 972
17599 763
710 42
13960 6375
4271 189
3161 606
3640 113
3665 198
1494 533
3433 200
4941 691
1184 812
1638 694
801 842
831 898
181 29
11120 6939
1021 615
1178 197
1680 366
1628 918
3032 805
3570 317
1048 445
2099 467
4605 113
2813 720
2483 151
29 53
540 380
4766 754
260 250
17761 3556
16059 8848
2579 113
2647 579
4718 750
644 615
653 60
4145 497
2517 861
283 880
3868 219
4701 790
12613 1533
2586 371
4682 352
3705 552
2207 589
862 588
2198 996
2236 198
1174 852
4563 674
689 870
2557 445
2674 9
3748 750
3829 630
3018 93
4570 61
1049 307
3724 227
3963 440
3673 171
3673 128
1376 478
1267 755
1343 684
2763 999
3305 460
12523 3873
10897 8908
4176 981
14517 2074
4255 685
3180 480
4419 284
2204 969
15840 4554
2353 477
3321 63
3140 830
4130 224
4663 155
936 24
643 942
1888 170
3916 684
17449 7690
2547 36
1920 280
961 385
2300 927
1496 452
1841 941
2248 200
1713 428
3861 231
17125 9895
1564 615
1764 85
1112 86
2350 491
3325 297
2625 635
1545 666
2187 856
1105 453
2596 842
12702 5671
3643 72
99 589
4751 709
3966 589
1192 645
4897 776
3625 153
632 525
2322 890
11689 5884
3691 115
1630 821
3360 892
736 467
1744 304
3660 669
18544 512
3064 217
3852 764
2192 395
4127 119
74 357
1810 416
4557 59
1001 922
1540 378
3457 929
4163 964
3462 638
1543 860
782 308
2256 230
10047 6401
620 973
4728 356
819 105
3156 437
498 622
3292 559
2956 353
2385 889
4920 141
3363 321
1924 522
2113 548
3744 180
1138 150
2955 372
1052 339
997 831
2536 978
16408 5138
726 560
473 286
1796 164
990 774
1805 525
3746 962
16743 2383
1031 249
3950 894
2402 942
2435 792
3530 22
1375 766
1462 241
2227 108
15005 2500
3833 519
4856 318
1055 796
2455 19
872 914
3941 586
3943 39
1065 982
1930 987
4548 733
2119 13
1531 301
4503 407
4920 715
13910 3755
1544 236
1180 572
3762 357
11409 1296
14447 2513
95 836
160 324
3557 329
832 505
1481 9
4491 35
2293 444
3570 967
2804 674
1607 311
4830 166
665 557
2533 102
888 850
2389 738
2295 830
2103 698
1533 381
2607 198
4133 827
2429 603
13616 6640
3165 733
2224 783
824 696
2557 419
291 254
2276 486
10050 7797
1406 566
2282 368
1479 117
4554 930
1104 658
982 784
19249 5175
1643 819
1632 121
2284 804
3156 637
535 567
2465 112
1136 643
16593 2428
1800 177
4457 511
4760 628
16778 6723
825 182
638 158
1095 917
3470 944
2680 46
695 239
164 324
598 801
3748 37
460 127
15944 1311
1275 33
4076 634
2237 803
2336 444
3326 53
3369 673
1357 836
445 640
1165 733
2377 502
3253 708
2521 115
983 54
1740 284
770 292
910 702
3706 950
4669 842
1437 145
2976 221
3344 750
499 810
3064 374
2654 738
4003 896
1443 577
11669 960
3663 859
12319 7664
3361 833
147 555
3191 415
2111 839
4843 633
4618 450
3297 238
14089 9913
2988 556
3738 44
2002 758
13041 8912
1234 140
3957 446
1430 822
19442 1615
12068 7491
1900 999
11729 6829
214 632
1518 428
1850 533
1152 70
955 564
3625 702
4757 94
2709 639
2730 777
1228 410
3947 369
1351 81
3376 81
4841 377
1855 510
1955 462
4479 822
2070 860
3913 651
775 691
3683 67
3270 257
2413 72
111 907
2804 700
1194 247
14065 2749
15332 6314
1577 204
3451 791
323 329
3938 153
14901 221
967 726
1209 737
387 707
393 796
928 603
1979 489
2432 871
105 378
4287 880
3499 794
521 69
1484 783
4814 711
3267 600
4355 284
19493 8666
57 712
3724 909
1388 892
1492 675
3222 182
3319 970
3342 151
10680 1893
59 483
4750 637
3953 917
4222 312
3729 845
1486 662
1484 232
3433 160
1700 392
4773 375
2159 699
17617 1259
2151 993
4320 655
4995 47
2020 683
4824 914
18036 7406
4267 4
1638 810
971 240
1153 825
1566 292
4396 87
2160 342
4830 50
3798 754
119 586
127 771
3459 865
527 539
2319 328
4000 228
873 998
3066 801
2935 308
3055 277
2753 197
96 814
3593 669
319 184
3730 826
3430 727
4713 117
4959 111
3602 653
4745 110
3203 721
1268 556
2128 250
4510 182
4381 794
2479 732
4077 770
1972 498
3167 861
16993 295
605 221
4788 722
4293 586
4238 873
1558 114
3595 59
4866 818
12155 2976
1592 725
15751 2111
2999 509
4812 3
1161 503
4439 174
2754 808
261 482
1641 752
13439 3752
2059 54
3886 358
748 158
2019 990
2878 859
2764 530
4949 960
466 805
11291 4594
820 638
4639 533
3323 249
3342 223
1277 362
3804 517
3780 584
3041 415
3647 96
4953 789
3069 483
1653 82
18218 1920
3130 849
4433 131
2364 398
1777 214
2360 860
4597 938
699 835
4413 825
4365 704
907 710
4494 645
13690 5168
1805 626
2197 1
18335 2110
2466 186
2061 348
4229 6
1553 941
14699 9280
1996 138
4099 251
4654 447
1311 784
4041 785
3379 109
4478 42
4895 886
2603 210
1192 532
585 597
4511 885
11836 8130
2707 287
19997 7365
2817 519
2248 164
4624 554
3738 418
933 361
128 272
4410 824
1703 866
652 306
4242 542
77 277
4673 776
441 534
1065 126
2456 698
2852 537
2918 189
4753 519
4979 79
3894 605
13046 6498
4908 994
918 373
4938 476
2063 141
4040 123
4337 781
2251 23
1449 435
2036 791
1775 977
8 732
1907 775
68 997
1349 819
4114 124
2828 551
2656 984
572 526
13364 6006
384 84
706 771
2576 635
2111 262
4921 748
1290 349
1765 502
911 324
4171 242
3705 83
1697 585
8088 3334
19176 6905
3756 136
2325 817
2949 900
3002 608
180 947
2163 725
12948 9474
3193 812
3223 434
1836 94
4323 846
10537 3259
4061 753
2419 16
808 196
1478 517
3425 499
3927 507
1391 625
2053 679
3652 508
2496 277
3103 191
2797 395
4557 545
2639 9
1574 918
1919 481
2312 710
3159 58
3168 300
4336 166
2849 77
458 340
4017 869
18862 4755
11137 6494
3026 738
1968 364
3791 319
4946 711
2731 650
2339 988
3793 645
2439 970
1215 270
18897 4001
2594 201
3129 741
1494 796
2203 689
4709 666
13105 2095
285 306
1504 469
3130 795
3995 302
630 964
13675 9640
355 719
3945 76
865 883
2842 243
2871 885
2189 316
1592 388
605 844
898 277
10823 220
2207 31
2043 446
1420 7
1635 770
3800 516
3774 852
1743 679
4679 857
1824 597
1013 355
969 973
851 224
326 183
2699 535
427 25
3781 752
4525 234
3056 582
453 410
1176 696
3288 456
3819 424
3813 581
3261 58
3739 216
433 210
4884 606
149 256
2854 53
4850 20
713 329
4936 215
1437 685
4385 463
3040 924
514 73
2610 832
4792 327
4167 586
19154 4346
3304 947
3650 392
3264 247
4080 957
4364 177
3417 143
1949 66
3004 893
461 262
3944 59
2862 729
3259 996
3817 590
2534 466
531 909
2041 273
3178 545
384 788
3673 932
835 295
12063 1799
1397 312
3868 9
699 0
3160 565
2519 465
964 13
3131 192
3090 648
3064 107
1704 552
1482 627
4457 432
4931 858
13806 2059
3856 230
2294 437
4002 669
1210 892
3525 449
1151 360
4914 35
3858 517
16478 1009
1761 893
367 257
1109 19
110 238
907 181
976 549
2522 141
1960 881
4355 742
4139 0
4252 12
2699 34
1303 48
12193 1575
2195 952
3039 905
1721 794
877 234
3074 313
1608 610
4359 81
2710 53
4971 164
1014 843
3533 193
1231 354
9968 242
3941 189
19943 2885
209 737
3838 926
1993 870
1501 869
1486 363
2186 638
235 603
1511 740
809 524
16443 4584
3827 35
3108 686
2220 811
4956 32
2754 624
2070 458
762 329
911 172
1392 63
475 11
1545 672
4718 46
1630 922
2473 484
3835 974
4099 79
2057 222
3200 663
1291 316
1373 180
4191 527
4314 880
1943 391
4896 453
1133 6
3748 181
2815 137
3036 252
1170 396
10592 3980
748 227
2672 660
4364 685
3462 251
1104 104
3172 86
1733 737
3841 99
710 721
4190 144
2995 744
2135 223
3397 260
2527 609
990 490
1688 225
2134 857
4665 944
16197 4464
3360 231
3146 777
1200 812
1433 276
4313 872
3418 322
4989 653
4609 735
19801 7741
15123 5500
3803 426
610 844
991 306
1823 437
2792 654
163 854
1148 300
1653 359
1526 349
2853 145
3655 659
1778 62
2829 718
787 593
298 501
3176 336
4259 229
224 584
615 275
3956 104
1608 588
12787 7539
17988 3322
3719 689
2930 130
227 265
3519 155
12282 8875
8 510
281 107
1474 30
3073 635
307 814
4682 851
3273 747
17571 6028
1756 425
941 873
3373 243
4930 912
13731 8020
1166 880
2958 505
4947 764
3518 425
413 762
4540 621
15571 6054
4147 396
15778 906
2090 737
805 92
909 221
3298 989
186 911
3387 214
3922 313
2776 689
2148 54
1546 915
2545 995
4362 454
1709 743
4701 669
2372 541
3286 650
10255 5247
4420 700
4861 4
87 417
707 980
3521 636
433 461
2992 820
4535 840
3722 227
396 644
4950 130
1761 439
4513 558
2664 785
3329 847
3662 232
4684 162
2271 539
1812 264
1878 450
1778 402
1478 467
1141 787
1269 173
382 957
178 972
10823 8737
4747 789
10971 3340
3522 177
2208 345
576 478
527 247
4766 699
3871 519
2606 596
3102 278
207 253
3865 193
2354 830
838 765
4622 621
2913 469
3265 843
3655 545
3090 794
3729 9
11833 1475
2299 411
2271 183
1556 54
4653 257
190 263
4761 54
2398 636
2509 261
4561 6
3259 415
3925 659
4339 289
13755 2732
3150 7
1129 597
2573 448
1197 281
4677 368
1714 498
66 253
2515 289
3730 963
3722 896
2717 705
331 244
4647 326
3594 712
3693 236
533 217
4643 226
12003 7980
1238 991
13246 3982
896 490
591 659
1267 627
4846 487
1336 735
2879 122
4569 17
1208 993
4744 457
506 299
2217 841
2623 685
3032 277
4583 500
4741 76
4961 782
17295 7210
1953 195
4291 878
265 834
1119 740
13660 3376
1691 819
3580 664
4931 671
14736 3966
994 596
2433 535
3410 73
2847 618
1110 645
1255 35
25 753
1238 798
2229 246
1984 735
1087 64
2063 714
3200 176
1028 840
19092 8924
3274 46
14996 3911
3391 848
2126 725
1190 625
499 965
2530 187
2848 324
1591 522
3595 404
722 736
641 947
1914 621
1306 960
3049 900
4324 987
2845 927
2794 132
471 118
324 268
3720 335
4291 715
483 952
414 698
1935 200
627 404
2927 697
2433 74
2304 968
4711 632
2976 379
426 24
2037 30
3656 378
11888 76
14369 6543
1619 300
837 187
3746 292
4736 142
1280 140
17781 9227
1455 151
186 435
2677 772
3967 733
3857 872
3775 288
4875 644
1512 181
2017 530
3586 712
1021 287
3470 162
950 414
813 335
4188 121
1001 181
2967 41
4298 663
3698 63
2513 193
4995 818
3823 99
2847 909
4086 838
2783 735
4712 578
3241 472
1020 31
1928 946
3766 731
2481 880
541 588
266 7
16779 7979
18621 475
4981 315
4886 225
2731 872
4578 872
1309 574
4588 22
3862 376
3320 893
4955 37
1291 152
624 53
3855 336
1554 728
300 522
4837 45
1409 590
3696 707
1626 694
3384 992
3078 100
56 529
3880 324
2060 40
4289 496
1425 611
1290 936
16694 5567
4451 574
3833 468
16879 7279
3029 709
2759 32
4704 37
4032 213
528 593
1524 756
4148 650
2102 925
18415 6139
12016 5819
2143 919
2687 781
2671 705
4574 717
3259 723
77 42
4567 195
2689 450
807 845
3846 279
4261 804
3022 387
4755 835
4736 213
3610 258
4340 705
1379 591
3711 637
2706 509
2863 92
3764 56
3833 665
4110 961
3155 369
4000 874
2586 661
3585 123
4403 172
1463 719
3303 755
1752 828
2214 526
4765 833
19 866
2185 878
2878 176
3329 370
4695 297
1687 689
3099 15
431 74
1359 531
957 219
4046 468
3774 34
1775 651
3345 736
10936 8830
11118 7386
511 562
67 308
1762 599
2292 242
15380 2706
4550 753
1447 798
4628 559
1581 840
899 194
54 121
145 333
4734 492
2548 518
3412 87
4081 529
4033 376
4293 433
2261 263
1223 76
2712 2
1252 786
2039 470
1045 158
3213 561
18440 9083
1970 710
18804 4858
1639 704
17865 6773
436 453
2828 35
224 334
3132 750
15563 2224
4416 865
128 283
1828 538
885 347
2287 849
4529 114
2010 534
912 329
113 625
1666 863
10076 7499
3768 642
4888 532
3013 644
1506 549
2792 66
3179 670
1392 820
2305 112
1369 671
15930 572
4858 92
4992 171
850 15
2875 80
17231 5724
3710 124
1762 73
610 601
1779 587
359 669
3833 201
3859 32
2955 99
3967 526
235 273
715 915
13041 7086
1864 537
945 109
12972 3847
4328 782
4862 446
154 436
734 919
2568 402
2346 193
4364 649
2964 760
12441 4446
4316 57
1196 571
1608 712
1702 130
849 263
19 822
2498 713
14611 3085
18304 1847
4936 43
137 17
2076 842
16233 5653
3485 380
3886 621
1093 520
482 114
3765 173
1743 34
2677 923
1683 528
4151 507
1215 354
2072 144
34 546
4045 407
1038 666
4378 487
3347 354
4531 80
19365 7794
2214 449
2772 767
4821 659
3783 381
2149 831
2016 717
549 510
2224 111
4111 567
1872 434
2967 357
942 663
14483 4682
2513 241
3089 987
566 581
1346 490
3458 922
4475 312
1252 794
3351 291
741 357
4402 104
307 858
432 440
1886 190
4297 806
4543 532
1092 674
910 982
435 615
3310 211
2720 329
17793 6613
4009 316
1608 260
1028 603
3547 522
16100 1970
4690 122
3857 915
2372 371
2382 978
4215 572
4993 620
2457 718
3799 824
4436 589
2993 93
4219 745
654 750
15014 2526
177 141
1456 823
1332 746
1218 499
610 1
2532 74
2562 241
12903 2551
16403 4654
4257 694
4771 792
3625 787
196 135
2356 876
798 71
1246 325
1953 159
4929 269
16497 2034
18545 5380
4394 235
3351 170
1930 363
1655 287
3876 53
2166 679
4622 422
3774 460
18771 1723
778 109
4171 728
2509 987
4770 286
14203 736
3167 352
3026 49
1143 258
1209 257
122 680
975 224
3679 101
3852 437
666 768
16735 7298
3744 252
2265 682
3808 393
649 918
2528 202
11138 4099
3712 618
227 13
1095 454
1313 493
483 456
2692 12
1856 302
1315 632
897 50
4753 300
4663 828
117 950
4373 400
3681 737
4540 567
3497 992
1495 418
1863 66
1416 463
2552 8
2325 511
16834 4057
4080 8
1861 171
10667 4483
1628 672
4674 588
1177 42
16035 4597
3617 126
1916 817
3915 415
4162 269
888 744
2943 79
4080 652
1880 589
2034 986
12366 2714
1572 123
12834 7183
986 83
2828 361
4201 986
3965 103
4347 230
3667 837
10717 1092
1140 82
2151 938
195 764
752 829
3817 951
4552 575
2665 422
101 289
4379 801
2333 913
16867 9993
17741 6168
3327 741
4687 457
3699 281
2244 834
1932 746
3552 268
4475 612
4996 30
4329 958
1046 750
3231 391
4663 310
3506 442
19975 2303
4540 643
10154 9088
3296 677
10795 4889
4426 615
1881 27
3074 534
16607 1053
2645 252
1277 107
3679 669
394 278
4588 329
4535 332
3639 675
1107 504
2848 668
832 769
4735 856
1935 524
2595 621
1108 67
3795 239
14460 3063
427 748
1928 241
922 828
2057 160
3423 497
14802 4558
3201 670
2897 910
2796 642
1450 191
3783 959
687 882
3522 264
1925 13
917 726
12515 5226
16397 1608
4561 249
17678 785
2380 957
3296 977
2352 693
11387 7720
2896 689
923 603
250 94
2845 40
292 538
3317 769
919 378
18321 6893
3927 113
2101 535
17109 2497
120 315
3306 636
1155 784
379 802
1731 727
2795 381
178 204
3566 575
2880 481
806 34
3102 987
3161 775
2103 762
3157 893
3907 125
4404 592
12955 4815
16043 2330
2231 686
10892 7598
2817 248
2654 139
2546 293
4699 884
1194 795
16971 8347
19159 5832
3798 578
1320 879
1500 474
2423 24
2207 526
490 411
2035 543
1360 120
658 783
2148 447
2715 699
4348 598
4589 543
1240 639
2393 734
2013 582
180 969
1708 464
100 937
4438 284
1864 450
4170 468
3062 659
2214 131
1586 7
4519 264
1357 609
2294 135
16405 2875
856 174
21 415
931 161
17135 2593
10758 1628
18557 9361
2590 904
718 121
784 716
4570 368
3049 245
10171 8639
1704 136
4272 821
3333 539
515 762
726 316
14071 9913
2617 961
3461 13
456 751
1664 34
2015 440
1313 961
3478 555
2551 306
2609 122
1622 24
2274 205
12802 3523
4747 608
18450 6954
14949 1633
11889 4965
11250 2917
2983 558
13523 8131
4331 724
4456 489
1916 342
1916 918
3024 292
2712 749
3820 910
2852 63
849 131
4255 324
558 215
748 389
17022 8869
13037 7851
2305 811
2069 168
1240 319
15330 1988
4243 113
470 361
17773 1526
1799 876
492 110
4384 481
230 896
10162 6644
1005 865
2550 338
19157 9081
4016 509
11750 9037
288 18
1788 445
3331 391
2984 220
1509 558
2781 633
10814 5642
2920 206
1703 17
2035 593
2777 863
2845 517
1849 999
11524 2913
3708 148
3338 454
4013 822
3955 292
4759 492
2267 717
2216 223
3907 547
4022 101
14962 2329
545 491
15641 7941
2782 959
3713 709
962 771
4775 199
3288 485
14990 3369
11684 4569
3245 560
2271 83
1618 11
2907 106
2369 759
3518 195
4761 966
2864 924
502 159
2572 416
387 392
2695 463
1079 111
4462 202
2056 58
13193 6807
3504 354
19281 6237
557 278
1883 281
10053 2839
2487 631
3167 293
990 364
1658 116
4588 335
2374 292
4423 177
2674 494
4317 232
130 132
1395 54
639 908
244 98
3222 282
12635 1416
1885 506
1043 687
927 351
2655 30
963 140
220 704
4011 164
3182 195
517 743
595 22
4916 508
1016 583
1547 992
11048 7414
4068 344
2715 138
493 858
1895 119
2478 66
3140 803
1344 876
628 20
1843 589
13177 7634
879 250
2280 253
4690 583
1757 284
2269 970
1670 272
476 648
2150 390
3661 280
3472 870
3739 417
3373 270
18499 3159
4866 686
2949 131
2736 108
12380 114
1918 453
4810 283
1996 536
1353 761
2202 217
129 70
3956 908
1706 621
1319 2
4142 90
1910 463
594 136
3488 243
191 902
172 171
4100 916
4586 359
1644 932
3762 69
2180 387
1887 850
2409 56
1830 251
2675 701
4854 903
2208 443
186 339
3623 481
1425 791
10171 3872
2157 277
1855 90
3057 878
2666 948
14200 4635
3964 675
2961 43
4149 308
4822 588
2125 347
3902 564
2099 168
2339 20
12673 6893
900 342
10023 7014
1801 402
1225 309
2547 265
2390 385
2183 911
3843 393
2438 231
832 591
4019 403
133 117
4486 104
3242 784
2887 114
4338 828
440 195
1088 987
1540 49
3248 232
2937 267
4755 467
4534 706
4996 126
4965 464
2369 158
1693 498
2885 167
599 626
3054 839
23 31
2839 132
2612 862
1923 912
3776 408
14132 4571
3401 560
1341 450
2282 969
464 940
3881 803
10568 5925
3574 595
3369 119
16389 4836
14303 9131
574 76
4659 643
2517 22
18716 2650
125 740
619 166
2044 588
3250 359
1425 346
4679 594
1425 975
1188 601
2449 822
401 976
1550 178
3640 899
4460 300
3832 324
584 370
3888 744
2427 406
1479 329
19926 27
89 585
2242 992
1135 643
4290 621
11938 7714
4301 195
4050 673
2187 472
4954 483
861 46
1818 270
1081 0
3896 225
4402 864
2543 819
2246 15
843 464
895 937
2174 496
1721 246
3154 208
1564 909
4121 324
250 398
4945 354
966 341
4131 980
2764 496
995 960
3448 187
4112 554
3242 103
1950 250
3313 826
3576 528
1160 842
2240 933
4177 725
1158 509
2811 762
3659 955
2147 23
808 412
14439 7257
12570 3799
4948 671
164 565
13445 6114
1662 219
1242 821
15400 904
2395 814
4962 128
13662 3730
151 520
2890 380
3880 412
1889 335
14207 6666
2560 401
1212 577
15020 9780
1208 402
3973 455
423 147
3088 284
150 273
1849 93
1127 176
4506 731
4895 92
2622 99
15351 8140
4278 976
2140 525
1181 977
4270 440
6 963
1598 902
2549 483
153 783
1236 94
2858 950
4150 79
127 855
2614 505
1944 958
2239 204
1036 917
443 895
1664 847
2787 555
2262 187
256 49
4593 755
764 61
1622 399
1720 263
132 96
98 904
2786 259
3311 360
4847 263
3882 155
3373 872
3961 722
1546 508
2197 709
3309 169
4361 185
18148 6305
4865 290
2693 58
3252 315
4965 533
3503 67
4783 278
13906 2570
2061 106
19961 646
2648 207
238 57
2610 151
3658 646
3988 693
1720 431
818 727
2315 645
931 563
3714 322
2456 887
4205 367
1185 859
878 474
888 3334
1765 231
4972 361
3934 886
1263 836
4544 147
1430 223
3657 711
4456 439
1268 531
3694 594
3942 277
175 941
4588 995
1709 760
4127 774
4837 49
1413 14
3226 755
12973 6105
4888 179
1785 413
3129 669
3773 112
2169 744
4591 484
3183 106
2401 204
630 153
370 404
1824 791
3606 514
4017 473
1498 977
919 897
3325 405
2872 526
2422 785
394 626
1273 208
2627 77
4693 897
3831 12
2002 721
4349 726
4120 707
1534 740
1170 445
2207 646
2516 325
2806 541
2485 263
18640 8385
1077 445
2192 287
2659 494
4329 170
552 660
1800 573
1909 874
1180 339
1341 502
545 584
372 351
2954 186
10 316
1676 189
1467 195
442 275
125 660
3848 720
4643 134
2553 176
1577 436
525 728
689 330
520 849
3572 198
3423 110
2550 663
4942 281
3189 859
4825 632
15559 6554
2975 672
2861 550
944 519
532 275
2104 278
2044 281
1189 612
2657 170
3876 827
1559 266
2735 67
3495 555
303 790
627 218
319 610
4944 711
1735 352
592 364
3103 708
3830 239
4186 879
4753 592
4266 660
592 866
3519 732
3741 70
2441 40
741 639
2075 826
17866 492
3427 516
4238 28
2944 237
500 619
17978 888
2972 54
2034 438
841 151
868 80
13804 9319
2958 852
2837 629
1790 454
1963 989
1422 609
11310 2120
994 580
19189 1674
1090 349
3697 375
2743 522
3001 398
2245 658
15452 185
955 589
4737 885
12222 9221
44 574
3089 435
3648 3
702 259
79 61
3025 936
4025 516
2720 334
1120 579
2615 6
2017 469
53 736
3778 622
3457 694
4315 850
2449 433
4109 981
4817 923
4457 227
4129 275
10686 4398
4895 363
1218 346
1700 398
352 570
3822 274
1742 391
2531 848
2253 370
12244 9987
672 628
59 278
4640 216
1257 234
4367 317
3507 175
2681 620
2778 251
16885 8835
1716 788
3382 848
3899 354
1861 657
10816 6288
92 175
4194 387
3437 331
3193 557
4832 939
777 80
567 838
14320 3799
1644 553
3002 158
684 544
1627 945
4159 343
3398 303
4050 570
4512 767
2532 537
1384 238
3946 642
4181 792
3852 648
191 611
3128 302
2782 82
3372 508
2358 740
4996 580
3191 711
1077 350
3570 988
4677 903
3451 945
2087 473
4942 995
1440 663
12405 5604
3005 312
2960 386
3465 57
2356 636
4704 431
1234 866
4168 168
2720 475
2955 843
4064 810
3957 85
524 243
1729 760
3455 426
1141 755
2339 24
2437 101
3035 244
1758 273
1303 160
1576 862
2960 227
3185 539
4132 595
3053 501
4119 638
994 923
1924 203
3931 529
3155 27
2766 654
2006 217
2450 489
1366 539
304 409
4485 824
331 728
3140 6
3406 710
3033 130
4387 719
1338 629
3952 109
1188 791
1926 544
4389 663
13684 4242
388 525
1430 705
610 401
2635 999
1593 327
2430 738
928 534
4856 856
3206 431
2554 675
3549 822
3662 338
3883 912
4117 209
2289 145
1557 16
3903 598
287 316
3411 233
940 683
1306 390
1279 554
15987 8271
3919 666
1538 71
758 237
3694 611
3314 713
678 788
2438 323
1175 328
3183 694
2285 979
3437 635
2278 43
329 679
2400 484
2607 735
3592 893
375 642
27 38
3135 646
247 320
1383 507
12265 313
366 316
13188 5126
1334 181
2253 979
656 979
3147 400
2780 491
3495 326
3916 944
4625 957
4742 384
4059 488
16570 7197
3147 754
157 481
4727 739
1384 564
1693 189
883 5
2325 248
2938 600
297 236
596 903
1824 786
2780 793
432 336
309 554
2930 839
3421 585
982 827
778 923
2360 44
2544 694
912 314
809 42
4459 674
1514 363
2154 13
3484 35
3046 168
3000 415
2926 492
4550 271
3217 492
3376 850
12114 3066
1951 517
995 86
2275 625
11872 9954
17245 4256
2024 934
3572 686
4952 855
1164 760
670 393
10353 1608
1118 697
2374 245
4278 132
1197 511
911 357
816 674
1442 388
1658 318
4915 504
10745 5140
2745 127
4651 698
1067 647
4339 604
2399 979
3089 95
3668 988
466 105
262 496
4717 326
4232 409
3455 32
2888 979
631 896
1390 505
1939 805
1580 774
4116 787
17636 6345
774 144
3862 325
4321 962
32 908
3076 501
3520 404
662 198
19686 4697
2767 631
2582 825
3698 371
3241 892
2050 831
2062 126
2295 72
721 707
4961 7
2923 954
2103 36
4201 748
2014 226
1777 866
3623 300
19854 227
2772 774
15769 1783
4804 464
1444 120
2716 703
3026 784
3629 309
2501 201
11871 1897
2588 772
1321 353
16044 7760
2449 392
1486 678
491 169
317 76
2297 628
1980 642
4452 940
1795 130
3478 997
3414 774
4324 982
606 851
2677 603
2027 318
3681 632
2948 112
11990 9858
577 879
2279 180
3361 291
3099 536
3751 837
2334 360
2246 837
1175 360
14582 7413
2764 500
4486 276
2423 653
501 840
292 624
3266 695
3104 237
2560 102
3703 435
1990 18
4282 222
389 611
1290 298
4418 148
2764 518
625 674
1211 731
4302 310
3162 500
3269 142
1408 662
3820 513
3228 206
10654 4719
4648 268
4822 604
2754 714
4263 810
3632 718
2973 532
2087 722
2255 292
3221 404
15012 9131
2618 983
3218 791
984 379
340 459
461 96
3838 722
3000 220
2888 641
577 555
18719 9440
718 382
3792 735
3595 267
2628 901
4563 613
10608 2115
659 595
3907 762
2853 568
4123 443
4346 564
10119 7703
1113 523
3187 785
11 322
18567 1159
13078 1973
1873 517
250 944
3891 933
3276 898
14408 655
462 880
1766 706
215 19
3366 433
450 230
4574 143
4548 669
155 871
638 98
2134 982
4386 492
924 606
2700 300
833 395
3729 551
4234 767
2471 496
3913 135
4620 373
498 884
122 166
4427 458
3547 830
3371 666
1883 355
3324 734
4406 392
3401 135
810 580
15052 5393
2311 119
3056 978
4276 938
777 776
73 631
475 856
16740 9130
3408 516
295 163
921 92
2883 293
51 887
314 238
2115 907
2454 255
14614 9970
4960 77
3488 378
4527 346
2056 656
10695 5347
2542 250
4770 542
3989 561
3766 589
220 798
2360 830
709 908
1020 523
1264 414
3700 125
3609 632
2547 568
1831 416
2551 812
4600 186
1548 746
3813 960
2686 696
4439 944
4449 702
1494 476
700 151
681 62
4642 103
1360 916
3072 755
3376 374
4083 104
4735 993
2132 827
1777 644
4242 600
13750 1581
504 998
352 108
577 493
2728 919
4269 78
189 496
4983 590
1733 961
1237 123
2514 75
3690 826
3405 492
4451 213
4217 798
2517 431
4303 223
3568 162
11026 6796
791 511
881 275
4653 222
2368 857
3848 253
1647 744
4894 843
1292 225
4884 911
13876 6014
3735 231
3688 590
4862 358
2011 741
400 299
1855 939
1944 773
4594 204
2697 929
14006 2938
2054 980
1627 519
12178 1936
840 356
4650 743
1182 300
3643 917
4442 69
1751 850
2462 454
2710 14
10823 3762
208 357
2107 474
1193 557
3043 824
4096 1
4272 351
46 119
4779 188
3320 751
2148 166
3191 89
389 665
3784 32
184 180
689 358
3423 864
16822 3018
3853 79
3101 756
1222 377
334 31
4300 471
2223 437
18601 215
2803 839
4096 795
17232 9830
1991 317
4132 231
1166 508
2364 872
1589 46
1827 774
3602 368
1843 578
13793 3667
831 264
3058 230
4179 653
2501 61
446 900
2055 918
31 710
1956 668
14075 5525
4048 724
2784 26
13128 7669
688 936
19145 3113
498 619
858 371
520 962
375 104
2021 993
1220 583
2575 725
77 189
563 532
2649 51
3 726
418 929
3417 583
4211 248
1746 799
3694 118
4619 801
3358 66
4254 291
3700 823
11460 1450
3476 284
1448 890
2207 157
692 775
2307 528
1310 492
2325 430
2411 673
2985 572
1089 190
4255 487
3572 155
1604 847
4488 372
3508 630
3227 926
17828 1502
618 791
3452 635
4857 953
563 400
3553 11
10245 9674
2589 435
1955 981
4728 601
3125 998
3432 497
4941 627
2760 741
4549 495
1556 976
1559 81
1220 144
2307 668
3860 768
853 821
466 68
4774 849
14605 7871
1035 28
616 339
268 702
2309 421
3167 333
17708 1189
783 611
818 481
323 859
1509 662
4800 996
1731 191
2692 408
4244 782
2418 346
2543 346
998 706
1658 181
4864 391
2170 785
1438 23
3213 309
1886 906
16140 160
15440 3711
2492 171
18687 6497
3505 906
4264 685
4738 823
3307 217
55 176
713 399
2170 566
4589 426
3657 372
1625 993
3763 556
4376 889
2925 136
2606 678
517 549
13985 2590
3724 665
3698 843
457 912
1786 27
4971 887
1711 685
1637 750
3451 710
4964 164
3984 551
2703 748
3416 278
1043 216
830 938
3020 970
4312 472
1144 185
1394 513
494 225
1833 893
2652 651
3519 50
1782 403
3790 249
3473 512
3223 649
249 140
4976 766
513 516
3290 622
4964 888
3031 700
3181 529
2396 808
2413 922
525 255
153 91
1911 305
19983 6275
97 758
4920 528
17651 2465
2024 164
4769 497
3124 546
4176 467
2248 19
85 490
3523 722
4876 228
4847 956
1573 919
1202 305
1775 732
3771 101
3338 129
3260 481
1763 281
3123 974
2811 694
2747 367
12964 3907
269 375
2957 980
2084 73
13894 7653
2688 272
123 107
331 715
4882 356
2882 320
3437 470
2927 162
2048 931
2622 330
420 752
1339 494
2598 803
4553 584
4297 331
1101 791
3100 973
2516 316
3010 833
2540 959
4504 682
1376 569
4904 454
1183 439
3141 872
880 818
3440 503
2084 758
14649 3346
3880 59
1891 810
918 110
4098 675
2810 623
2750 633
2260 562
12570 909
1900 385
786 929
2718 748
19405 5957
2659 557
87 670
1967 503
3994 131
2177 996
2510 839
1740 493
17038 5988
1439 686
15461 6147
14003 7642
494 439
3807 511
15603 7859
2443 615
2129 863
704 906
13740 1920
11920 2507
2555 420
1366 40
1327 802
18634 2761
3424 817
4968 870
984 826
1454 936
16058 5223
2172 132
4581 189
4292 147
14666 1604
792 396
2066 474
371 235
4500 964
3067 939
1319 197
11655 2489
3401 862
596 245
12684 6679
2497 423
4708 16
3511 860
3528 820
418 186
3562 465
4542 782
4420 135
3773 187
4560 473
1161 257
1091 176
1815 78
1661 313
2932 302
3900 435
661 564
2440 618
3385 55
12950 1167
15152 7511
16058 192
15426 8176
3512 965
1616 390
19317 5166
10209 3155
4192 279
4969 664
1200 695
3427 972
728 303
1061 103
2397 200
3715 607
1911 242
1609 366
4247 138
15392 5613
2618 176
2235 639
2334 587
1106 461
4879 405
4310 294
10302 46
3342 901
1562 967
3781 491
2676 191
1729 985
4288 727
1244 732
12049 2720
2660 522
518 764
2479 829
2990 331
1292 784
198 717
4350 77
1213 859
668 641
1256 717
4735 892
4474 481
424 395
2769 18
660 227
1075 477
1600 50
2822 492
11846 6642
635 446
4612 930
1447 419
25 228
1151 497
19519 6207
2670 325
4853 511
1054 288
13974 54
13535 627
326 449
3819 816
156 245
1186 298
13126 7031
2976 8
380 421
804 977
2370 381
4343 597
2253 840
1704 445
4286 659
2141 118
1335 660
85 407
389 195
4705 741
17468 8711
250 75
4208 340
4508 593
2814 29
3607 798
4487 438
4971 631
4036 662
10932 3275
10229 3373
4364 962
2054 961
787 708
3319 749
10352 9279
11508 1762
4912 583
484 526
2391 321
2047 767
735 858
1584 226
235 209
587 111
1152 95
11975 8337
19934 5680
3265 802
4039 211
3977 542
4189 136
1878 974
2949 514
4809 241
2424 507
130 713
266 478
13027 1629
1086 250
2361 632
3924 665
1395 908
1092 309
4181 238
1887 930
2155 247
17887 6861
56 645
457 86
3642 382
13007 1642
4238 198
2793 952
1529 186
2760 378
3830 89
3177 318
4380 95
762 833
3307 248
4074 404
2307 288
4149 251
13425 1395
479 324
2832 448
3456 329
17317 7043
18974 1495
4863 804
1488 939
1521 239
2848 45
2026 76
3202 259
4808 175
2579 22
3511 840
785 810
3138 234
2668 965
626 261
3143 555
1255 801
2344 436
4550 87
15865 6379
4140 107
1801 17
3660 600
1091 664
913 697
1071 485
841 729
4069 363
14133 5169
3829 841
4045 531
217 947
4352 571
2812 241
1503 704
4517 36
652 873
1539 52
4888 890
48 710
2490 122
4964 171
3913 497
146 260
1915 451
3520 111
2355 620
1244 93
4961 944
4387 595
15743 1438
3561 491
1148 403
2598 757
496 780
4293 578
4210 537
17971 6571
18382 6779
1981 331
2173 937
4269 289
790 866
1697 960
1045 229
3245 165
18 421
3448 466
2793 443
2571 94
3135 350
1417 5
10168 8870
4067 71
2090 180
2889 457
600 631
345 819
3970 331
2788 254
4161 60
4574 376
3265 918
900 988
2854 307
3317 799
3606 704
2768 292
3184 790
1984 701
3077 133
1101 712
1150 171
2886 589
2937 442
816 460
2979 212
18384 9461
924 19
2862 195
3184 105
3666 287
4857 745
527 822
1058 12
2731 680
4600 581
15780 6446
3823 676
467 425
2797 258
167 695
2243 350
3664 232
2768 147
2751 58
3830 31
1273 523
4792 86
762 58
1326 445
4444 543
642 879
2503 172
3430 257
823 805
3179 692
2382 936
314 172
3758 617
2488 827
1677 144
12640 9617
2049 21
3807 125
2748 445
1316 439
15564 765
1739 383
4963 605
1008 1
1428 402
4206 345
4542 875
16226 6203
2897 942
3909 690
1683 612
429 568
1470 448
2310 429
4924 12
3766 639
510 102
1486 617
2454 829
2974 722
327 496
818 244
4805 696
585 867
3576 691
4800 169
1307 326
4454 693
4718 157
3961 660
3572 417
2223 322
3580 867
1735 61
3039 904
19610 3366
3362 531
300 383
2813 753
2953 946
3304 482
842 14
3303 994
492 259
4983 190
4402 703
3518 409
1144 560
2230 439
3992 725
2909 601
3905 183
250 997
4250 277
2994 416
3009 55
1595 111
3356 81
3505 561
3323 162
2301 384
435 552
3923 431
1595 690
335 720
3273 303
1470 924
1646 817
18236 8414
15771 4445
1397 891
1172 961
3263 337
2984 619
4336 339
1029 996
3944 265
4715 984
2623 961
1239 304
2597 543
3680 620
1617 356
2419 712
2116 590
2885 130
332 61
14477 5678
4581 837
1453 60
3813 317
1960 356
1650 523
2923 895
3557 330
2357 166
3221 132
4164 284
19797 1557
2748 939
2265 476
3043 248
2414 610
4689 863
18265 9766
3115 494
93 91
4913 111
1427 72
1720 737
4715 555
4296 784
1209 435
13255 5166
1999 909
2082 442
3496 562
424 939
1165 912
3906 132
3458 466
1624 559
2794 634
2146 890
4282 131
2991 648
686 834
2325 250
1555 141
1062 926
1302 782
3070 504
1763 939
2133 871
1090 475
3700 459
19998 7799
3538 6
11898 4197
2506 401
2957 75
2766 934
3042 328
562 658
4826 875
13909 2471
3287 468
481 749
3177 57
1625 549
2506 656
3356 318
4063 122
2371 981
2900 809
1822 606
1195 111
2766 598
3468 432
2300 441
11135 8953
4117 733
3531 594
11811 3459
3066 615
440 526
1470 311
2676 898
878 229
2998 260
2667 763
2621 284
822 500
1893 745
1891 482
3288 28
2645 371
4913 54
4663 234
3931 24
333 175
4930 927
594 967
4264 450
2125 79
4893 243
33 556
711 878
13235 4636
4181 970
2335 928
19578 7825
1912 327
3459 255
4045 428
2594 805
4878 152
1912 567
1173 919
2083 374
15607 3795
12171 3132
1593 476
4702 303
4935 905
4979 314
2052 958
707 449
3370 659
1876 793
2545 127
4430 164
3280 465
1033 408
4550 777
3229 714
3618 298
2990 414
2702 717
3282 166
19555 5902
725 949
362 142
2939 731
2529 528
4961 694
4057 479
961 83
16206 6157
343 977
42 556
86 909
3023 941
548 589
1963 164
1187 831
3626 940
4961 616
2101 810
4884 577
743 387
3136 130
2286 165
1269 572
820 47
1955 514
2120 338
4814 669
3902 489
4623 602
1802 436
10573 5954
625 666
4291 800
1223 972
2576 100
698 995
1150 857
2727 975
4977 70
1648 338
647 360
206 296
1195 791
1665 641
3073 703
2506 264
1209 611
167 158
3970 880
3833 265
2705 237
2046 461
12989 2524
4028 975
13314 7232
3208 706
14 483
471 425
3125 175
2071 823
3315 728
1947 368
4765 348
3128 392
15759 352
3910 684
4038 118
1272 993
2537 368
1168 471
4836 640
584 486
987 210
4509 523
1105 638
15012 5505
1262 406
2971 946
2100 352
327 868
4737 270
3882 744
12511 7002
2251 788
3720 366
2014 794
721 455
3013 519
3609 817
2062 270
449 332
1397 848
434 388
2372 115
1583 471
634 488
4488 406
2058 383
1276 286
2615 193
3489 187
19919 1785
2726 514
3577 445
18143 6285
3049 963
1596 886
11031 7005
711 964
3008 952
683 561
2828 638
1081 53
13411 5085
1012 260
13898 2040
1885 468
3373 599
2768 611
3633 43
359 82
380 959
4107 919
16871 2368
3377 21
2668 91
4601 831
15219 6766
1772 510
695 818
1583 638
2113 447
3965 739
4956 369
16970 9820
1970 363
1582 910
3283 882
1494 413
2467 665
1180 784
1217 205
2867 133
14463 4069
585 860
14018 2948
4772 29
2931 719
2088 604
3793 654
1740 497
2031 178
356 773
4909 256
932 90
2867 193
16334 3689
1274 456
2452 956
4934 180
1613 452
841 927
2481 308
2430 796
18930 7627
41 482
1157 757
2521 205
1487 395
1371 507
2473 888
4312 121
1194 780
869 51
1821 500
4765 65
3813 440
355 474
18710 2559
4987 229
1482 688
2608 148
1914 642
222 663
632 23
2758 355
2614 713
4278 429
2273 771
682 954
4282 424
3041 766
560 810
995 647
4214 307
1916 212
4368 531
4580 41
49 806
503 270
3538 812
1588 940
3350 774
2278 992
2678 45
548 780
4083 434
1355 218
2505 390
3770 569
304 969
1072 324
3598 862
2775 777
4325 682
1647 271
1659 932
391 40
2275 491
14545 474
3486 31
307 244
721 425
4500 107
4729 432
4372 529
19854 2113
1130 511
4068 247
1174 531
508 785
4926 344
693 184
3862 235
15447 8139
2132 326
2511 261
2114 322
1143 585
4513 231
4938 777
4244 897
1238 122
1835 103
792 669
1132 913
2335 853
3471 207
3526 607
2569 689
118 339
2108 556
2965 823
2662 395
4203 575
4219 134
3350 92
14207 2402
2546 903
17366 8781
3414 207
23 853
4293 388
1094 380
4178 312
767 113
1495 555
4164 286
2633 667
3653 567
1233 332
997 139
369 848
3879 108
979 766
3518 143
1860 180
154 644
3009 720
17842 5011
4705 822
2516 963
2967 508
2509 885
842 147
986 765
2366 60
4156 261
1926 768
790 373
4027 72
3979 156
1331 742
3445 115
853 744
7 568
3363 396
12193 2364
1027 735
4641 404
4960 108
1966 977
1058 0
4285 511
1208 765
1831 926
12601 3038
2794 766
4641 450
2030 597
877 740
3939 702
3721 470
274 840
2091 290
4432 121
4648 867
666 163
3479 265
469 175
4288 168
11834 2275
4148 465
3628 905
3454 385
2939 171
3208 526
940 874
2423 360
13241 180
3086 252
600 556
2766 690
3729 613
4686 971
4530 556
19837 262
315 101
3754 397
1838 997
621 395
3573 196
665 144
2255 322
3716 331
855 563
2261 550
732 230
3627 998
3241 69
1065 565
2101 817
3979 65
2226 56
4514 123
1775 627
1471 863
13342 1624
886 716
4178 297
1964 73
4060 64
3773 388
2862 766
3870 54
2128 435
688 463
317 469
2080 603
3310 141
2902 724
2676 469
3801 35
1228 311
994 187
4685 529
2852 715
487 230
2275 414
3202 997
18940 5233
4507 533
247 485
4656 122
3877 922
3911 794
1609 42
3841 46
4538 138
1319 290
2568 989
3136 923
4367 599
2829 17
1810 866
1560 69
3208 130
2540 113
2268 217
3143 405
581 701
4733 101
3532 840
441 565
12716 3720
4384 685
3266 528
4294 475
1776 885
4644 106
508 708
4899 739
4059 670
2506 482
4696 121
2497 837
1401 573
2259 528
4812 944
2396 391
4172 278
71 275
2275 268
2127 24
3839 287
3209 604
138 188
11994 1159
84 233
2610 313
13972 5253
1764 526
816 973
3055 833
10524 6687
2100 628
3239 45
2882 586
4162 678
3333 203
2413 635
3813 555
4532 320
2845 278
4582 271
4297 624
3281 265
3172 362
838 846
2662 349
4580 954
853 78
552 613
2587 892
2907 924
4896 511
1955 781
3383 377
1405 507
1544 775
325 845
343 890
2791 277
665 638
776 862
1020 357
10342 6460
1902 890
2000 390
432 858
3971 44
1376 50
2202 259
19807 9208
2892 748
37 778
4082 610
1078 771
4263 25
3009 182
3132 839
3337 193
13850 3825
2935 978
4117 877
4763 856
4794 671
4268 759
4782 175
761 505
1964 190
2617 87
2851 127
3456 284
1336 901
4869 695
1479 988
4885 953
205 259
4981 839
2207 258
2632 543
626 657
131 482
19860 529
1742 862
4087 780
1696 485
19447 64
593 193
3434 813
980 254
2102 161
15835 2977
542 357
723 891
2913 774
4763 228
2562 343
2509 31
558 287
2064 74
1504 825
2385 273
767 830
4064 396
2786 827
3190 750
3356 78
898 902
2494 29
4409 564
14265 5351
302 575
202 111
743 363
4817 938
3090 490
448 248
4476 237
17593 9093
4735 194
4679 169
15424 4851
4619 858
4031 304
426 401
4034 475
16002 624
18784 4221
2346 570
4648 570
16177 4325
2234 903
1329 813
3437 200
59 954
2004 360
2090 752
4366 50
2470 669
2493 607
752 396
1275 684
2343 894
2080 865
10036 5352
1179 926
10149 170
4596 238
3236 49
895 921
1172 260
1292 354
11533 6075
3864 383
2896 745
3738 370
2751 654
18732 820
11348 3917
392 931
15028 5188
3374 153
15790 4747
3456 508
60 985
4950 329
3406 468
971 736
1297 254
2075 762
2053 810
1206 282
3234 394
2622 991
449 621
1321 443
1294 135
76 628
4482 969
4171 558
2357 8
18619 8701
1072 816
519 97
2765 369
699 523
1106 19
3778 98
362 780
3886 868
3342 770
1818 996
4521 41
3956 223
1563 85
313 349
4602 145
1005 738
1704 805
1623 583
2837 340
337 883
3571 580
1423 508
4436 490
2538 462
3283 661
847 345
379 765
18381 933
12287 604
3137 882
2500 227
2970 6
4481 875
4272 821
493 878
2207 649
3294 393
3588 494
3408 498
17271 5539
4940 870
1523 763
4061 36
1631 876
2807 144
2670 795
802 197
14573 8958
367 842
3670 648
3038 67
3896 665
812 900
4779 525
3179 845
735 213
4301 535
2878 933
3851 954
4975 943
16632 5035
2995 791
707 56
2937 292
1619 391
4892 641
374 219
10998 9369
3690 534
2153 69
1899 76
3351 897
1744 259
444 719
4968 628
4011 548
1128 312
3889 97
4906 34
171 800
4296 727
17501 1931
4507 81
4279 968
318 242
474 807
1813 942
3753 778
4467 115
3619 231
552 813
354 568
2275 203
3558 768
3155 967
3469 617
3356 9
300 575
1556 833
64 200
3778 391
19722 1995
2781 13
2462 319
588 548
4261 292
2397 183
339 340
2892 426
1143 874
13506 7091
4516 760
2325 35
4648 494
13347 1532
1044 925
1938 228
306 529
1627 313
1704 842
242 694
13405 8893
3597 225
2653 491
1546 166
1875 332
3553 516
4046 389
18114 8863
72 558
1952 897
419 464
2086 793
1285 255
693 584
2023 380
4506 740
343 935
1020 15
1818 553
3271 170
777 632
1192 158
3738 126
14472 8247
1394 909
245 590
4826 686
3297 572
1486 611
1683 345
2219 809
3034 380
3528 750
2504 46
12337 6018
294 824
1548 889
2016 508
1936 302
4664 613
4978 770
3637 126
10683 3818
646 867
1819 311
1554 106
3901 851
4367 369
1456 554
2287 148
3428 227
12 434
4261 973
371 145
3266 566
4970 251
3393 179
2594 684
4618 965
510 354
4106 44
4049 998
9 280
913 207
4999 227
1172 624
10085 5937
3277 236
531 634
1805 970
1965 950
3549 780
4225 951
1812 723
1893 850
1614 913
1981 60
3584 878
1673 518
4590 461
4473 951
3736 27
2182 536
363 942
4300 382
1810 884
177 247
1410 768
4029 473
287 9
1903 759
1635 587
3378 235
16775 8925
1340 766
4308 701
2192 600
4475 984
2446 802
3808 382
4473 327
4811 680
17763 7375
2009 839
2475 318
4047 928
2604 83
4575 393
3239 661
3300 555
1814 350
3073 518
4606 612
4990 423
4641 204
2797 63
1569 790
2351 637
2448 62
1514 575
3048 41
4495 427
4340 183
16290 4152
3693 37
2629 517
1490 252
3980 426
1063 790
1130 931
3151 157
2771 610
3562 656
250 671
4678 60
18717 6679
1460 91
11343 5827
2595 804
1221 87
4579 462
134 994
3808 100
1566 315
32 775
3507 679
3080 354
809 981
1500 482
2269 722
2606 110
3135 306
1828 76
3536 532
1512 256
384 599
3544 747
1107 940
2725 564
4320 458
2341 914
3913 92
1371 411
8 120
2692 727
66 906
3927 803
1300 880
2802 411
13064 5691
3157 941
2587 328
1611 930
12366 1657
2283 800
1707 611
2712 489
3999 700
2264 2
3239 678
4020 140
1165 928
