100 1000 10000
2022 3309
4450 9661
10832 9371
7055 834
4097 890
4183 24
44 65
704 657
2394 1667
4377 560
737 912
748 5001
1728 313
4518 316
6999 1924
9482 95
7980 1251
7981 1398
2824 626
2957 825
4963 15
711 0
3004 458
4949 464
15845 1983
3768 898
2869 544
4964 416
6192 193
2628 95
5664 3334
1859 873
1950 545
3569 367
2665 250
3293 727
3052 849
328 450
877 837
3056 635
3831 223
1457 2501
4277 546
2273 1667
4126 329
4018 357
2567 874
2179 467
4934 965
2582 201
2611 458
1894 227
19540 9514
774 1001
4210 92
4931 257
1815 614
8661 4395
6546 3567
999 720
4665 380
823 762
8082 244
1488 216
11340 4051
6502 143
10171 1328
7415 1251
2548 922
4446 1251
16964 4261
8755 626
12420 9278
2855 766
10055 92
2023 770
9227 3334
11157 425
1036 805
4487 334
5463 1667
4130 566
10408 1022
10137 834
589 3334
6769 1429
14037 5059
3803 59
21 378
15971 1616
6421 5001
11 309
7134 910
8469 371
2400 132
2528 46
4137 182
2486 114
1747 985
3108 477
