1000 1000 1000
1024 6
330 19
2 15
1102 571
263 33
4 26
82 67
291 93
244 32
74 82
420 43
302 46
1912 692
188 78
373 6
171 50
1848 110
130 80
973 415
229 97
915 357
1612 936
141 76
177 2
211 58
416 9
0 87
146 14
48 17
1826 375
401 87
1833 745
1070 395
191 8
1238 139
499 10
244 73
487 3
225 85
251 93
312 63
338 30
77 33
1058 388
1233 759
177 74
193 50
190 9
264 89
1527 720
428 60
309 49
488 56
420 86
268 73
123 74
271 75
418 97
415 50
90 97
1483 657
135 25
351 9
146 13
48 20
139 86
146 57
459 37
258 70
123 94
36 64
135 68
362 63
1873 319
1492 5
1323 75
1922 986
336 14
459 98
220 99
142 69
392 0
18 46
869 374
274 53
184 8
424 3
1036 834
219 60
327 27
374 91
208 40
148 28
1466 645
486 35
1968 895
175 52
379 41
17 83
286 25
165 26
1938 979
79 82
71 51
338 60
1724 120
1164 238
55 22
154 36
95 44
80 79
1122 326
352 83
1293 329
448 34
53 51
767 56
9 63
1541 131
321 75
144 46
348 29
333 11
66 4
295 92
1219 678
190 61
264 66
1660 198
1353 833
273 95
319 76
131 52
425 31
1285 700
117 74
242 48
1520 951
966 334
352 0
219 3
1296 223
1584 300
19 7
1421 606
448 89
1979 91
411 33
149 33
87 21
235 40
171 57
1601 593
116 56
304 49
354 43
1245 555
382 13
191 98
488 3
290 46
129 14
1055 756
1536 396
1874 421
194 71
462 17
41 34
183 34
1599 269
255 13
399 40
1901 874
226 91
1285 526
93 42
378 40
1301 802
19 12
335 96
137 98
1512 777
1133 541
474 70
129 40
472 93
1993 109
322 31
373 49
484 52
1291 586
278 46
410 99
8 91
1632 489
1173 288
441 36
324 3
358 46
205 33
568 67
14 19
626 15
113 95
57 76
1626 722
113 59
506 67
86 36
386 8
452 8
1367 906
319 49
46 91
1811 940
1655 700
66 7
38 78
70 10
269 72
24 10
37 68
484 55
1382 442
358 28
647 384
34 97
338 55
1550 824
243 61
1029 255
390 53
1435 9
1952 92
115 0
437 4
50 33
240 11
617 137
227 74
1100 627
379 90
376 24
382 76
459 5
172 62
39 0
309 39
1030 480
171 23
99 69
196 91
360 13
1926 860
1236 306
38 51
307 8
518 16
4 36
1130 318
234 69
1295 991
234 86
1974 718
431 82
142 2
1674 204
417 967
76 18
413 38
469 34
241 9
91 42
340 53
1805 259
122 41
167 26
1851 1
7 32
296 47
396 30
205 66
132 85
123 9
1097 344
484 82
220 54
1445 957
189 8
86 18
881 51
150 47
110 43
397 75
1798 673
409 30
85 23
253 52
227 21
1336 899
370 24
1528 95
319 31
232 36
255 74
15 64
377 93
151 66
1859 772
220 25
387 70
326 90
141 63
110 43
75 26
41 75
41 48
1936 257
1907 649
492 76
38 47
382 984
356 85
304 20
1565 163
70 7
18 20
112 31
376 47
155 87
195 251
124 70
282 37
30 24
1019 847
398 46
271 53
429 55
1450 631
280 10
27 70
1810 733
1275 509
249 75
250 24
1623 677
414 35
1295 56
1191 76
1104 788
133 20
207 62
144 57
101 60
309 17
462 67
1503 181
262 69
262 12
98 50
1901 119
219 59
208 26
1800 830
49 24
294 54
479 14
1863 456
786 232
460 7
375 4
1837 419
377 96
1254 956
110 59
415 6
1600 6
1801 837
1932 592
397 14
151 49
169 87
422 53
258 51
450 24
1145 502
86 16
269 76
1668 348
322 25
304 27
1366 374
1752 267
23 96
227 18
279 3
58 80
1939 191
357 34
1531 495
267 85
13 24
1313 371
207 42
360 24
450 62
1052 879
1955 519
364 28
1237 622
1518 383
240 83
491 56
180 13
150 17
225 86
48 50
330 92
1108 892
1395 92
87 93
165 53
134 46
270 74
133 70
274 88
161 36
324 1
1874 8
72 46
1011 810
52 29
315 12
448 85
1763 644
1350 85
119 22
385 66
490 61
206 26
1323 637
1337 236
913 91
165 31
1349 183
121 77
41 50
537 143
23 38
304 14
118 56
1855 599
337 49
349 78
317 20
302 95
338 3
1371 868
322 29
145 89
8 18
338 66
0 33
1058 425
176 78
1213 603
298 96
132 334
148 56
1082 122
97 85
1918 805
184 88
436 80
255 90
208 93
1136 970
384 35
30 32
438 61
498 54
108 55
268 86
239 73
1954 41
434 93
163 44
1660 296
484 4
17 47
1982 242
438 94
166 60
1821 183
1428 192
46 5
228 28
1248 214
495 0
303 52
108 24
365 69
230 79
1372 59
51 58
365 73
1007 641
1830 566
1965 176
408 15
343 67
252 99
1014 569
91 94
264 94
1414 279
234 14
350 65
1732 702
1410 629
1125 577
207 18
36 57
298 67
1959 380
30 17
142 14
264 40
1948 253
393 76
168 99
93 99
338 48
1093 588
484 40
40 90
1070 171
11 13
179 38
268 11
148 33
4 49
1663 494
151 91
451 7
86 15
1249 887
246 49
1237 224
328 78
340 76
411 76
459 37
24 50
1951 633
1817 330
377 66
383 89
453 27
125 33
42 57
352 20
1578 366
1565 724
222 38
135 87
1826 948
452 46
121 93
408 25
1336 298
151 10
10 79
113 50
29 33
237 41
1101 398
188 51
1481 378
406 34
1422 490
212 14
85 64
246 44
330 26
300 17
417 10
274 27
211 25
694 334
1016 62
164 83
1676 9
21 87
1463 638
1980 443
783 91
116 67
289 41
156 91
157 96
1591 619
1608 906
1010 150
1614 106
223 55
44 30
206 10
274 34
343 31
26 93
1815 517
330 86
489 50
475 72
308 88
313 32
465 67
1833 523
1690 700
281 58
198 98
90 34
200 18
209 53
373 79
1764 130
111 90
24 71
188 85
147 7
427 29
258 12
361 78
51 14
1486 749
1856 223
1820 279
22 79
427 2
398 2
354 6
161 80
1155 62
364 17
433 13
1649 903
6 82
917 875
1386 852
14 71
100 84
1311 139
1332 701
195 44
352 10
145 37
1970 719
1188 904
494 38
1769 382
470 56
95 50
416 54
347 76
1682 13
178 38
65 53
1236 490
330 39
1931 865
163 50
320 40
85 5
215 81
1784 950
383 5
154 87
1834 849
1927 81
73 78
159 78
413 86
17 46
298 39
92 90
109 49
295 96
1118 521
268 77
205 26
182 1
347 29
232 32
148 29
257 38
1119 700
1606 546
1230 512
153 48
322 92
373 87
101 64
34 4
487 20
257 44
497 22
218 23
1228 646
23 24
135 44
22 87
207 64
339 59
1073 990
26 1
1091 895
309 56
170 81
144 33
447 92
398 7
1078 584
672 501
475 7
1214 727
393 71
419 70
428 92
71 4
210 94
42 68
482 70
452 91
1415 126
443 96
956 43
1118 456
1946 956
93 56
331 85
303 16
0 97
309 46
213 40
67 76
483 45
377 81
6 92
271 42
126 19
429 38
235 49
82 91
278 8
1171 504
398 53
161 59
219 16
15 73
485 47
477 9
266 79
387 81
218 82
14 29
1347 899
449 91
460 46
458 63
406 11
58 79
447 47
14 98
1099 141
73 56
303 36
1753 980
405 74
89 42
217 93
1931 483
483 38
482 37
439 43
0 24
179 37
191 5
1958 342
1635 764
381 48
1763 653
1296 923
228 0
332 77
364 17
1115 477
38 62
61 9
404 23
408 89
1487 277
69 4
400 19
1071 616
327 42
54 29
233 52
345 47
1024 191
73 38
1537 303
1909 730
329 30
186 99
409 1
492 72
418 27
1350 430
266 17
414 41
393 35
220 98
1035 483
1355 335
17 11
75 12
203 14
1153 943
495 92
264 72
1275 443
627 126
3 51
1367 60
306 88
151 11
327 52
1384 623
363 31
1292 350
282 83
1588 759
1108 456
79 54
20 87
146 60
1466 750
11 59
95 72
27 65
1172 638
1321 354
327 28
133 11
33 41
405 77
1481 472
491 7
467 38
241 63
444 85
5 62
365 60
4 25
1870 737
1140 729
1194 889
1046 713
369 74
438 94
1507 305
143 91
484 82
436 67
322 57
345 43
83 40
776 911
393 58
1138 873
198 63
55 67
1503 770
287 36
186 30
257 48
1768 79
1410 807
125 10
164 54
495 79
306 47
451 84
357 2
283 19
311 68
618 629
431 13
1742 39
1389 440
197 0
345 40
235 69
323 93
493 36
1691 112
357 35
1792 541
126 9
478 80
1884 557
223 67
1774 743
1282 604
1739 873
446 3
228 69
190 68
451 88
339 8
480 5
418 84
236 26
131 34
201 98
139 37
1022 821
449 94
419 29
1423 42
1539 76
78 4
261 33
464 44
59 88
352 43
442 1
115 69
330 52
142 83
1975 707
97 42
42 38
342 6
248 36
47 65
259 32
1803 997
1789 286
427 76
389 61
1022 335
1583 101
432 95
51 75
1581 400
300 12
178 47
1302 761
1245 22
13 43
451 18
16 52
1308 584
218 5
484 83
1703 913
1043 829
1575 742
247 35
1978 473
316 24
147 28
364 83
1983 282
1998 125
1454 468
86 7
145 69
383 54
1724 962
151 21
1303 919
289 29
98 72
158 94
1808 483
193 75
273 86
454 69
164 96
122 39
365 50
1750 364
164 46
1156 618
180 91
135 97
471 78
