100 1000 10000
9263 94
4389 386
2659 395
466 868
479 115
376 979
4869 156
4156 572
2750 845
1435 327
3322 267
4471 782
3783 929
4564 440
896 837
5335 3334
141 250
4289 828
3183 892
3092 360
3487 129
1373 743
1876 730
1140 688
3051 802
4656 416
4453 376
1928 739
3084 508
4071 504
3475 132
480 368
2660 414
3181 142
3928 96
4981 853
241 587
3477 0
1375 530
2300 9
2554 340
627 529
3061 103
4548 313
5186 145
519 73
1117 732
4611 399
2651 18
4902 549
2367 972
3290 148
411 65
417 22
4977 383
490 734
1990 188
3722 587
2399 17
3823 110
1728 40
2892 60
2933 539
4421 228
1790 613
2064 141
5811 455
3612 493
588 173
4980 637
3038 913
722 658
8871 477
3078 862
714 279
744 997
930 737
451 390
4969 978
2569 550
9324 84
6529 42
9312 286
2270 740
4357 589
4309 683
1302 39
288 972
3014 881
287 978
1815 38
1027 81
4378 978
494 93
2725 61
121 944
816 105
1364 61
4913 498
3608 417
